,Open,High,Low,Close,Volume,Dividends,Stock Splits
2019-06-25 09:15:00+05:30,214.0,214.89999389648438,212.14999389648438,213.0500030517578,277497,0.0,0
2019-06-25 10:15:00+05:30,213.10000610351562,213.85000610351562,212.89999389648438,213.6999969482422,89199,0.0,0
2019-06-25 11:15:00+05:30,213.6999969482422,214.1999969482422,211.35000610351562,211.85000610351562,384266,0.0,0
2019-06-25 12:15:00+05:30,211.89999389648438,212.60000610351562,211.3000030517578,212.35000610351562,285084,0.0,0
2019-06-25 13:15:00+05:30,212.35000610351562,215.25,211.9499969482422,214.25,648905,0.0,0
2019-06-25 14:15:00+05:30,214.1999969482422,216.0,214.0500030517578,215.64999389648438,407356,0.0,0
2019-06-25 15:15:00+05:30,215.60000610351562,215.64999389648438,214.60000610351562,214.89999389648438,178025,0.0,0
2019-06-26 09:15:00+05:30,214.89999389648438,218.89999389648438,214.5,218.35000610351562,607833,0.0,0
2019-06-26 10:15:00+05:30,218.35000610351562,219.1999969482422,216.8000030517578,218.9499969482422,388925,0.0,0
2019-06-26 11:15:00+05:30,218.9499969482422,219.64999389648438,217.60000610351562,217.89999389648438,424625,0.0,0
2019-06-26 12:15:00+05:30,217.8000030517578,218.8000030517578,217.60000610351562,217.8000030517578,310332,0.0,0
2019-06-26 13:15:00+05:30,217.8000030517578,219.0,217.75,218.1999969482422,342493,0.0,0
2019-06-26 14:15:00+05:30,218.14999389648438,219.89999389648438,217.60000610351562,219.5,542261,0.0,0
2019-06-26 15:15:00+05:30,219.5,219.64999389648438,218.4499969482422,219.35000610351562,0,0.0,0
2019-06-27 09:15:00+05:30,218.0500030517578,219.4499969482422,217.14999389648438,217.85000610351562,269592,0.0,0
2019-06-27 10:15:00+05:30,217.85000610351562,219.0,217.64999389648438,218.39999389648438,372673,0.0,0
2019-06-27 11:15:00+05:30,218.35000610351562,218.75,217.8000030517578,218.4499969482422,62581,0.0,0
2019-06-27 12:15:00+05:30,218.39999389648438,218.89999389648438,218.10000610351562,218.39999389648438,60952,0.0,0
2019-06-27 13:15:00+05:30,218.39999389648438,218.60000610351562,216.60000610351562,217.4499969482422,118771,0.0,0
2019-06-27 14:15:00+05:30,217.39999389648438,219.1999969482422,217.0,219.1999969482422,1061656,0.0,0
2019-06-27 15:15:00+05:30,219.14999389648438,219.89999389648438,218.14999389648438,218.4499969482422,665737,0.0,0
2019-06-28 09:15:00+05:30,219.0,219.35000610351562,216.6999969482422,217.3000030517578,325278,0.0,0
2019-06-28 10:15:00+05:30,217.3000030517578,217.5,216.10000610351562,216.35000610351562,138229,0.0,0
2019-06-28 11:15:00+05:30,216.3000030517578,217.0,216.14999389648438,217.0,147317,0.0,0
2019-06-28 12:15:00+05:30,216.9499969482422,217.0,215.10000610351562,215.39999389648438,288340,0.0,0
2019-06-28 13:15:00+05:30,215.35000610351562,215.64999389648438,213.75,214.10000610351562,364226,0.0,0
2019-06-28 14:15:00+05:30,214.1999969482422,214.39999389648438,212.1999969482422,213.1999969482422,441395,0.0,0
2019-06-28 15:15:00+05:30,213.1999969482422,213.3000030517578,212.0500030517578,212.85000610351562,289348,0.0,0
2019-07-01 09:15:00+05:30,214.60000610351562,216.0,213.5,214.10000610351562,314331,0.0,0
2019-07-01 10:15:00+05:30,214.14999389648438,214.8000030517578,213.25,214.25,150435,0.0,0
2019-07-01 11:15:00+05:30,214.35000610351562,215.0,212.5500030517578,213.0,470272,0.0,0
2019-07-01 12:15:00+05:30,213.0,213.0,211.5,212.9499969482422,345688,0.0,0
2019-07-01 13:15:00+05:30,213.0,214.0,212.64999389648438,213.0,438167,0.0,0
2019-07-01 14:15:00+05:30,213.0,213.1999969482422,212.64999389648438,212.89999389648438,411666,0.0,0
2019-07-01 15:15:00+05:30,212.89999389648438,213.5,212.4499969482422,213.4499969482422,159912,0.0,0
2019-07-02 09:15:00+05:30,213.64999389648438,215.0,213.35000610351562,213.60000610351562,319819,0.0,0
2019-07-02 10:15:00+05:30,213.5500030517578,215.0,213.5500030517578,214.9499969482422,178129,0.0,0
2019-07-02 11:15:00+05:30,214.89999389648438,215.0,213.6999969482422,215.0,274017,0.0,0
2019-07-02 12:15:00+05:30,215.0,215.0,214.5,214.60000610351562,116563,0.0,0
2019-07-02 13:15:00+05:30,214.5500030517578,214.8000030517578,214.25,214.35000610351562,82945,0.0,0
2019-07-02 14:15:00+05:30,214.5,215.0,213.64999389648438,215.0,527986,0.0,0
2019-07-02 15:15:00+05:30,215.0,215.0,214.0500030517578,214.0500030517578,234286,0.0,0
2019-07-03 09:15:00+05:30,214.85000610351562,215.75,213.14999389648438,213.5500030517578,217091,0.0,0
2019-07-03 10:15:00+05:30,213.5500030517578,214.5500030517578,213.5500030517578,214.35000610351562,90172,0.0,0
2019-07-03 11:15:00+05:30,214.39999389648438,214.4499969482422,213.9499969482422,214.35000610351562,42259,0.0,0
2019-07-03 12:15:00+05:30,214.35000610351562,214.39999389648438,213.9499969482422,214.14999389648438,73812,0.0,0
2019-07-03 13:15:00+05:30,214.10000610351562,215.0,213.39999389648438,214.89999389648438,260578,0.0,0
2019-07-03 14:15:00+05:30,214.85000610351562,215.39999389648438,214.39999389648438,215.0,494695,0.0,0
2019-07-03 15:15:00+05:30,215.0,215.0,214.8000030517578,215.0,199747,0.0,0
2019-07-04 09:15:00+05:30,215.10000610351562,215.39999389648438,214.5,215.0,290072,0.0,0
2019-07-04 10:15:00+05:30,215.0,216.64999389648438,214.6999969482422,216.39999389648438,442362,0.0,0
2019-07-04 11:15:00+05:30,216.4499969482422,216.5500030517578,215.3000030517578,216.14999389648438,170861,0.0,0
2019-07-04 12:15:00+05:30,216.14999389648438,216.8000030517578,215.89999389648438,215.9499969482422,193585,0.0,0
2019-07-04 13:15:00+05:30,216.10000610351562,216.6999969482422,215.64999389648438,216.5,284133,0.0,0
2019-07-04 14:15:00+05:30,216.5,217.5,215.60000610351562,216.1999969482422,320250,0.0,0
2019-07-04 15:15:00+05:30,216.14999389648438,216.5,215.60000610351562,216.10000610351562,329229,0.0,0
2019-07-05 09:15:00+05:30,217.39999389648438,218.9499969482422,216.85000610351562,217.8000030517578,431337,0.0,0
2019-07-05 10:15:00+05:30,218.0,218.0,216.3000030517578,217.4499969482422,218543,0.0,0
2019-07-05 11:15:00+05:30,217.35000610351562,217.75,213.35000610351562,214.89999389648438,468702,0.0,0
2019-07-05 12:15:00+05:30,214.8000030517578,216.4499969482422,213.85000610351562,214.64999389648438,258340,0.0,0
2019-07-05 13:15:00+05:30,214.60000610351562,214.6999969482422,211.75,212.14999389648438,399179,0.0,0
2019-07-05 14:15:00+05:30,212.10000610351562,212.85000610351562,209.39999389648438,210.0500030517578,349359,0.0,0
2019-07-05 15:15:00+05:30,210.0500030517578,210.8000030517578,209.5,210.25,145463,0.0,0
2019-07-08 09:15:00+05:30,209.3000030517578,209.3000030517578,207.0500030517578,207.35000610351562,336426,0.0,0
2019-07-08 10:15:00+05:30,207.35000610351562,207.85000610351562,205.5500030517578,205.60000610351562,354278,0.0,0
2019-07-08 11:15:00+05:30,205.60000610351562,207.1999969482422,205.3000030517578,206.64999389648438,203387,0.0,0
2019-07-08 12:15:00+05:30,206.64999389648438,207.3000030517578,205.64999389648438,205.9499969482422,367744,0.0,0
2019-07-08 13:15:00+05:30,205.89999389648438,206.1999969482422,205.0,205.9499969482422,639718,0.0,0
2019-07-08 14:15:00+05:30,205.9499969482422,206.0,203.8000030517578,205.39999389648438,543802,0.0,0
2019-07-08 15:15:00+05:30,205.39999389648438,207.3000030517578,204.85000610351562,205.39999389648438,297075,0.0,0
2019-07-09 09:15:00+05:30,205.85000610351562,206.9499969482422,203.75,205.0500030517578,689401,0.0,0
2019-07-09 10:15:00+05:30,205.10000610351562,207.6999969482422,205.0500030517578,207.3000030517578,435511,0.0,0
2019-07-09 11:15:00+05:30,207.3000030517578,210.0,206.8000030517578,209.64999389648438,288705,0.0,0
2019-07-09 12:15:00+05:30,209.6999969482422,210.10000610351562,209.10000610351562,209.85000610351562,224322,0.0,0
2019-07-09 13:15:00+05:30,209.85000610351562,211.14999389648438,209.3000030517578,210.39999389648438,289351,0.0,0
2019-07-09 14:15:00+05:30,210.5,211.85000610351562,209.75,210.6999969482422,250244,0.0,0
2019-07-09 15:15:00+05:30,210.6999969482422,211.1999969482422,210.60000610351562,211.10000610351562,109050,0.0,0
2019-07-10 09:15:00+05:30,210.89999389648438,211.6999969482422,209.39999389648438,209.6999969482422,299657,0.0,0
2019-07-10 10:15:00+05:30,209.85000610351562,211.9499969482422,209.25,211.89999389648438,263200,0.0,0
2019-07-10 11:15:00+05:30,211.89999389648438,211.89999389648438,209.75,209.9499969482422,260899,0.0,0
2019-07-10 12:15:00+05:30,209.9499969482422,210.25,208.39999389648438,209.10000610351562,168487,0.0,0
2019-07-10 13:15:00+05:30,209.3000030517578,210.8000030517578,209.0,209.1999969482422,189463,0.0,0
2019-07-10 14:15:00+05:30,209.14999389648438,209.75,207.89999389648438,208.89999389648438,162352,0.0,0
2019-07-10 15:15:00+05:30,208.89999389648438,209.10000610351562,208.5,208.85000610351562,76934,0.0,0
2019-07-11 09:15:00+05:30,209.85000610351562,211.89999389648438,209.5500030517578,211.5,173638,0.0,0
2019-07-11 10:15:00+05:30,211.5,211.64999389648438,210.60000610351562,210.9499969482422,79571,0.0,0
2019-07-11 11:15:00+05:30,210.9499969482422,211.75,210.25,211.6999969482422,104223,0.0,0
2019-07-11 12:15:00+05:30,211.75,212.75,211.60000610351562,212.4499969482422,176047,0.0,0
2019-07-11 13:15:00+05:30,212.5,212.5,210.89999389648438,211.25,98721,0.0,0
2019-07-11 14:15:00+05:30,211.35000610351562,211.8000030517578,211.10000610351562,211.75,140622,0.0,0
2019-07-11 15:15:00+05:30,211.6999969482422,212.10000610351562,211.0,211.6999969482422,100644,0.0,0
2019-07-12 09:15:00+05:30,213.3000030517578,216.25,212.5,215.0,864022,0.0,0
2019-07-12 10:15:00+05:30,215.0,215.35000610351562,213.1999969482422,213.3000030517578,276298,0.0,0
2019-07-12 11:15:00+05:30,213.3000030517578,215.3000030517578,213.0500030517578,214.8000030517578,193433,0.0,0
2019-07-12 12:15:00+05:30,214.8000030517578,216.14999389648438,214.64999389648438,215.89999389648438,225418,0.0,0
2019-07-12 13:15:00+05:30,215.89999389648438,216.14999389648438,214.1999969482422,214.3000030517578,200563,0.0,0
2019-07-12 14:15:00+05:30,214.25,215.0,213.4499969482422,214.25,328998,0.0,0
2019-07-12 15:15:00+05:30,214.14999389648438,214.85000610351562,214.0,214.8000030517578,215600,0.0,0
2019-07-15 09:15:00+05:30,215.0,215.4499969482422,213.0500030517578,213.10000610351562,278889,0.0,0
2019-07-15 10:15:00+05:30,213.0500030517578,213.6999969482422,211.1999969482422,212.9499969482422,310655,0.0,0
2019-07-15 11:15:00+05:30,212.9499969482422,216.89999389648438,212.89999389648438,216.10000610351562,368036,0.0,0
2019-07-15 12:15:00+05:30,216.35000610351562,218.5,215.85000610351562,218.14999389648438,370497,0.0,0
2019-07-15 13:15:00+05:30,218.3000030517578,219.25,217.75,218.8000030517578,338828,0.0,0
2019-07-15 14:15:00+05:30,218.75,219.85000610351562,218.64999389648438,219.5500030517578,629988,0.0,0
2019-07-15 15:15:00+05:30,219.5,219.89999389648438,219.10000610351562,219.64999389648438,373963,0.0,0
2019-07-16 09:15:00+05:30,219.8000030517578,220.4499969482422,217.35000610351562,218.39999389648438,1052284,0.0,0
2019-07-16 10:15:00+05:30,218.39999389648438,218.89999389648438,216.60000610351562,218.8000030517578,471287,0.0,0
2019-07-16 11:15:00+05:30,218.75,220.0,218.39999389648438,219.4499969482422,424166,0.0,0
2019-07-16 12:15:00+05:30,219.39999389648438,219.8000030517578,217.8000030517578,218.35000610351562,200217,0.0,0
2019-07-16 13:15:00+05:30,218.3000030517578,218.60000610351562,216.8000030517578,218.39999389648438,298540,0.0,0
2019-07-16 14:15:00+05:30,218.39999389648438,220.6999969482422,217.64999389648438,220.60000610351562,506075,0.0,0
2019-07-16 15:15:00+05:30,220.60000610351562,220.75,219.75,219.89999389648438,270883,0.0,0
2019-07-17 09:15:00+05:30,220.10000610351562,221.1999969482422,219.0500030517578,219.6999969482422,516276,0.0,0
2019-07-17 10:15:00+05:30,219.6999969482422,220.25,218.85000610351562,219.5,182696,0.0,0
2019-07-17 11:15:00+05:30,219.5,221.6999969482422,219.3000030517578,221.10000610351562,234118,0.0,0
2019-07-17 12:15:00+05:30,221.10000610351562,221.4499969482422,217.35000610351562,217.85000610351562,309499,0.0,0
2019-07-17 13:15:00+05:30,217.75,219.14999389648438,216.8000030517578,218.89999389648438,369110,0.0,0
2019-07-17 14:15:00+05:30,218.8000030517578,219.5,218.39999389648438,219.1999969482422,429798,0.0,0
2019-07-17 15:15:00+05:30,219.1999969482422,219.75,219.0,219.14999389648438,277799,0.0,0
2019-07-18 09:15:00+05:30,219.1999969482422,221.1999969482422,217.60000610351562,220.1999969482422,650275,0.0,0
2019-07-18 10:15:00+05:30,220.3000030517578,220.35000610351562,217.5,217.64999389648438,609150,0.0,0
2019-07-18 11:15:00+05:30,217.60000610351562,218.89999389648438,217.0,218.1999969482422,234974,0.0,0
2019-07-18 12:15:00+05:30,218.25,218.64999389648438,216.85000610351562,217.3000030517578,210105,0.0,0
2019-07-18 13:15:00+05:30,217.3000030517578,218.10000610351562,215.10000610351562,215.25,599436,0.0,0
2019-07-18 14:15:00+05:30,215.25,218.8000030517578,215.14999389648438,216.8000030517578,1137075,0.0,0
2019-07-18 15:15:00+05:30,216.9499969482422,217.75,216.3000030517578,216.9499969482422,166301,0.0,0
2019-07-19 09:15:00+05:30,222.0,223.8000030517578,217.35000610351562,217.75,3009426,0.0,0
2019-07-19 10:15:00+05:30,217.8000030517578,220.10000610351562,216.5500030517578,219.10000610351562,1059511,0.0,0
2019-07-19 11:15:00+05:30,219.0500030517578,219.6999969482422,217.85000610351562,219.10000610351562,854929,0.0,0
2019-07-19 12:15:00+05:30,219.10000610351562,219.4499969482422,217.6999969482422,217.89999389648438,367964,0.0,0
2019-07-19 13:15:00+05:30,217.89999389648438,218.0,216.10000610351562,217.0500030517578,582377,0.0,0
2019-07-19 14:15:00+05:30,217.0,217.0500030517578,212.1999969482422,213.4499969482422,1091074,0.0,0
2019-07-19 15:15:00+05:30,213.4499969482422,215.8000030517578,213.10000610351562,214.0,522621,0.0,0
2019-07-22 09:15:00+05:30,213.39999389648438,215.4499969482422,210.60000610351562,213.35000610351562,595452,0.0,0
2019-07-22 10:15:00+05:30,213.35000610351562,215.89999389648438,213.0,214.75,296681,0.0,0
2019-07-22 11:15:00+05:30,214.64999389648438,215.35000610351562,214.25,215.35000610351562,184082,0.0,0
2019-07-22 12:15:00+05:30,215.35000610351562,215.35000610351562,213.5,213.64999389648438,205143,0.0,0
2019-07-22 13:15:00+05:30,213.85000610351562,214.8000030517578,213.1999969482422,214.6999969482422,98709,0.0,0
2019-07-22 14:15:00+05:30,214.6999969482422,216.6999969482422,213.4499969482422,215.9499969482422,414874,0.0,0
2019-07-22 15:15:00+05:30,216.0,216.60000610351562,214.9499969482422,215.8000030517578,297557,0.0,0
2019-07-23 09:15:00+05:30,216.1999969482422,217.85000610351562,215.1999969482422,217.85000610351562,619413,0.0,0
2019-07-23 10:15:00+05:30,217.89999389648438,219.14999389648438,217.5,218.25,766892,0.0,0
2019-07-23 11:15:00+05:30,218.3000030517578,218.9499969482422,218.14999389648438,218.85000610351562,433328,0.0,0
2019-07-23 12:15:00+05:30,218.85000610351562,218.89999389648438,217.75,217.89999389648438,572372,0.0,0
2019-07-23 13:15:00+05:30,217.89999389648438,218.3000030517578,216.89999389648438,218.0500030517578,445343,0.0,0
2019-07-23 14:15:00+05:30,218.0500030517578,218.10000610351562,216.64999389648438,217.14999389648438,638327,0.0,0
2019-07-23 15:15:00+05:30,217.10000610351562,219.0,216.6999969482422,217.64999389648438,369375,0.0,0
2019-07-24 09:15:00+05:30,217.5,218.9499969482422,214.5,215.0500030517578,315946,0.0,0
2019-07-24 10:15:00+05:30,215.0500030517578,215.9499969482422,213.4499969482422,214.89999389648438,207953,0.0,0
2019-07-24 11:15:00+05:30,214.9499969482422,216.60000610351562,214.8000030517578,216.5,202228,0.0,0
2019-07-24 12:15:00+05:30,216.39999389648438,216.6999969482422,214.6999969482422,215.10000610351562,329231,0.0,0
2019-07-24 13:15:00+05:30,214.9499969482422,216.3000030517578,214.4499969482422,215.35000610351562,334415,0.0,0
2019-07-24 14:15:00+05:30,215.35000610351562,216.25,214.9499969482422,215.4499969482422,208284,0.0,0
2019-07-24 15:15:00+05:30,215.4499969482422,216.5,215.1999969482422,216.1999969482422,89625,0.0,0
2019-07-25 09:15:00+05:30,216.1999969482422,220.0,216.10000610351562,218.3000030517578,608403,0.0,0
2019-07-25 10:15:00+05:30,218.25,219.1999969482422,217.10000610351562,218.0,340875,0.0,0
2019-07-25 11:15:00+05:30,218.0,218.60000610351562,217.39999389648438,217.6999969482422,177362,0.0,0
2019-07-25 12:15:00+05:30,217.60000610351562,217.85000610351562,216.10000610351562,216.5,241340,0.0,0
2019-07-25 13:15:00+05:30,216.5,217.60000610351562,216.35000610351562,217.3000030517578,275899,0.0,0
2019-07-25 14:15:00+05:30,217.39999389648438,219.1999969482422,211.25,212.5500030517578,1978561,0.0,0
2019-07-25 15:15:00+05:30,212.75,214.0500030517578,212.10000610351562,214.0500030517578,517894,0.0,0
2019-07-26 09:15:00+05:30,215.0,215.60000610351562,209.10000610351562,210.75,1046441,0.0,0
2019-07-26 10:15:00+05:30,210.85000610351562,212.14999389648438,210.5,211.5,486621,0.0,0
2019-07-26 11:15:00+05:30,211.5,214.0,211.4499969482422,211.85000610351562,865522,0.0,0
2019-07-26 12:15:00+05:30,211.85000610351562,213.10000610351562,211.4499969482422,212.89999389648438,397558,0.0,0
2019-07-26 13:15:00+05:30,212.9499969482422,214.25,211.6999969482422,212.1999969482422,624491,0.0,0
2019-07-26 14:15:00+05:30,212.3000030517578,213.9499969482422,212.0500030517578,213.8000030517578,747277,0.0,0
2019-07-26 15:15:00+05:30,213.75,213.9499969482422,213.14999389648438,213.4499969482422,295978,0.0,0
2019-07-29 09:15:00+05:30,213.5,213.89999389648438,208.5500030517578,209.25,684952,0.0,0
2019-07-29 10:15:00+05:30,209.25,209.25,206.5500030517578,206.89999389648438,705647,0.0,0
2019-07-29 11:15:00+05:30,206.89999389648438,207.1999969482422,204.8000030517578,205.9499969482422,831839,0.0,0
2019-07-29 12:15:00+05:30,205.9499969482422,206.6999969482422,205.60000610351562,206.0,263445,0.0,0
2019-07-29 13:15:00+05:30,206.0500030517578,206.14999389648438,205.0,205.75,359859,0.0,0
2019-07-29 14:15:00+05:30,205.75,206.0,204.10000610351562,205.0500030517578,553675,0.0,0
2019-07-29 15:15:00+05:30,205.0,205.60000610351562,204.60000610351562,205.14999389648438,239936,0.0,0
2019-07-30 09:15:00+05:30,205.89999389648438,208.0,205.39999389648438,206.4499969482422,813624,0.0,0
2019-07-30 10:15:00+05:30,206.5500030517578,207.4499969482422,205.5,205.75,292526,0.0,0
2019-07-30 11:15:00+05:30,205.6999969482422,206.1999969482422,203.9499969482422,205.6999969482422,537328,0.0,0
2019-07-30 12:15:00+05:30,205.60000610351562,206.3000030517578,204.60000610351562,205.10000610351562,169019,0.0,0
2019-07-30 13:15:00+05:30,205.10000610351562,205.89999389648438,204.39999389648438,204.85000610351562,325225,0.0,0
2019-07-30 14:15:00+05:30,205.0,205.39999389648438,201.25,202.5500030517578,456672,0.0,0
2019-07-30 15:15:00+05:30,202.5500030517578,203.0,201.10000610351562,202.10000610351562,277379,0.0,0
2019-07-31 09:15:00+05:30,201.10000610351562,202.25,198.60000610351562,199.75,967416,0.0,0
2019-07-31 10:15:00+05:30,199.75,201.25,197.8000030517578,200.89999389648438,816501,0.0,0
2019-07-31 11:15:00+05:30,200.8000030517578,201.14999389648438,199.35000610351562,200.60000610351562,601948,0.0,0
2019-07-31 12:15:00+05:30,200.60000610351562,202.5500030517578,200.25,202.35000610351562,534347,0.0,0
2019-07-31 13:15:00+05:30,202.5500030517578,202.60000610351562,200.60000610351562,201.39999389648438,462235,0.0,0
2019-07-31 14:15:00+05:30,201.35000610351562,202.9499969482422,201.10000610351562,201.9499969482422,654158,0.0,0
2019-07-31 15:15:00+05:30,201.9499969482422,202.0,201.10000610351562,201.89999389648438,344113,0.0,0
2019-08-01 09:15:00+05:30,201.4499969482422,201.9499969482422,199.0,200.64999389648438,693548,0.0,0
2019-08-01 10:15:00+05:30,200.60000610351562,200.85000610351562,199.0,199.75,1072619,0.0,0
2019-08-01 11:15:00+05:30,199.75,200.25,198.6999969482422,198.8000030517578,433519,0.0,0
2019-08-01 12:15:00+05:30,198.85000610351562,199.64999389648438,197.4499969482422,197.64999389648438,451452,0.0,0
2019-08-01 13:15:00+05:30,197.5500030517578,198.35000610351562,196.14999389648438,196.85000610351562,357716,0.0,0
2019-08-01 14:15:00+05:30,196.8000030517578,197.4499969482422,194.10000610351562,196.9499969482422,746720,0.0,0
2019-08-01 15:15:00+05:30,197.0,197.35000610351562,196.35000610351562,196.8000030517578,248381,0.0,0
2019-08-02 09:15:00+05:30,194.60000610351562,198.1999969482422,194.39999389648438,196.35000610351562,710376,0.0,0
2019-08-02 10:15:00+05:30,196.39999389648438,199.1999969482422,195.9499969482422,199.14999389648438,469730,0.0,0
2019-08-02 11:15:00+05:30,199.14999389648438,199.9499969482422,198.5,199.10000610351562,530883,0.0,0
2019-08-02 12:15:00+05:30,199.10000610351562,199.64999389648438,197.5500030517578,197.85000610351562,295533,0.0,0
2019-08-02 13:15:00+05:30,197.8000030517578,201.75,197.8000030517578,201.75,421282,0.0,0
2019-08-02 14:15:00+05:30,201.6999969482422,202.14999389648438,198.6999969482422,199.1999969482422,441824,0.0,0
2019-08-02 15:15:00+05:30,199.1999969482422,200.10000610351562,199.0,199.5,235757,0.0,0
2019-08-05 09:15:00+05:30,197.6999969482422,198.25,195.39999389648438,197.25,620482,0.0,0
2019-08-05 10:15:00+05:30,197.25,197.6999969482422,194.85000610351562,195.75,260694,0.0,0
2019-08-05 11:15:00+05:30,195.8000030517578,198.89999389648438,194.85000610351562,198.64999389648438,328938,0.0,0
2019-08-05 12:15:00+05:30,198.60000610351562,199.5,197.8000030517578,198.14999389648438,302733,0.0,0
2019-08-05 13:15:00+05:30,198.14999389648438,199.0500030517578,196.85000610351562,198.14999389648438,170696,0.0,0
2019-08-05 14:15:00+05:30,198.10000610351562,198.4499969482422,196.64999389648438,197.0500030517578,393944,0.0,0
2019-08-05 15:15:00+05:30,197.10000610351562,197.5,196.60000610351562,197.14999389648438,214869,0.0,0
2019-08-06 09:15:00+05:30,195.6999969482422,200.89999389648438,195.60000610351562,200.0500030517578,965042,0.0,0
2019-08-06 10:15:00+05:30,200.1999969482422,201.89999389648438,199.5500030517578,200.3000030517578,601510,0.0,0
2019-08-06 11:15:00+05:30,200.3000030517578,201.5,200.0500030517578,200.5,585052,0.0,0
2019-08-06 12:15:00+05:30,200.5,203.14999389648438,200.39999389648438,202.1999969482422,885721,0.0,0
2019-08-06 13:15:00+05:30,202.14999389648438,202.64999389648438,200.6999969482422,202.0,611937,0.0,0
2019-08-06 14:15:00+05:30,201.89999389648438,203.1999969482422,201.5,201.9499969482422,955752,0.0,0
2019-08-06 15:15:00+05:30,201.85000610351562,202.3000030517578,200.8000030517578,201.85000610351562,162339,0.0,0
2019-08-07 09:15:00+05:30,202.0,204.8000030517578,201.75,204.25,1178421,0.0,0
2019-08-07 10:15:00+05:30,204.25,205.60000610351562,203.8000030517578,205.14999389648438,741196,0.0,0
2019-08-07 11:15:00+05:30,205.14999389648438,206.25,204.35000610351562,204.89999389648438,1098571,0.0,0
2019-08-07 12:15:00+05:30,204.85000610351562,206.14999389648438,204.14999389648438,206.0,614664,0.0,0
2019-08-07 13:15:00+05:30,206.0,206.1999969482422,204.5,205.0500030517578,411747,0.0,0
2019-08-07 14:15:00+05:30,205.0,205.5500030517578,204.1999969482422,204.64999389648438,1432240,0.0,0
2019-08-07 15:15:00+05:30,204.64999389648438,205.25,204.39999389648438,204.39999389648438,639093,0.0,0
2019-08-08 09:15:00+05:30,205.64999389648438,209.75,205.5,209.14999389648438,957362,0.0,0
2019-08-08 10:15:00+05:30,209.0500030517578,210.60000610351562,209.0500030517578,210.14999389648438,415646,0.0,0
2019-08-08 11:15:00+05:30,210.1999969482422,211.39999389648438,209.8000030517578,210.10000610351562,929823,0.0,0
2019-08-08 12:15:00+05:30,210.4499969482422,211.1999969482422,209.8000030517578,210.4499969482422,732670,0.0,0
2019-08-08 13:15:00+05:30,210.4499969482422,211.25,208.0,208.1999969482422,969365,0.0,0
2019-08-08 14:15:00+05:30,208.25,208.25,203.9499969482422,206.8000030517578,886145,0.0,0
2019-08-08 15:15:00+05:30,206.5500030517578,207.39999389648438,205.5500030517578,206.3000030517578,212716,0.0,0
2019-08-09 09:15:00+05:30,208.5,211.89999389648438,208.5,211.39999389648438,680407,0.0,0
2019-08-09 10:15:00+05:30,211.35000610351562,214.0,211.25,213.5,815997,0.0,0
2019-08-09 11:15:00+05:30,213.5,214.0,212.1999969482422,213.85000610351562,627010,0.0,0
2019-08-09 12:15:00+05:30,213.85000610351562,214.89999389648438,213.5,213.9499969482422,535459,0.0,0
2019-08-09 13:15:00+05:30,213.9499969482422,214.0,212.10000610351562,213.60000610351562,726370,0.0,0
2019-08-09 14:15:00+05:30,213.5500030517578,214.0,212.35000610351562,212.89999389648438,1620980,0.0,0
2019-08-09 15:15:00+05:30,212.8000030517578,213.3000030517578,212.5500030517578,213.0,550326,0.0,0
2019-08-13 09:15:00+05:30,212.89999389648438,213.64999389648438,210.4499969482422,211.64999389648438,806071,0.0,0
2019-08-13 10:15:00+05:30,211.64999389648438,212.1999969482422,210.1999969482422,210.3000030517578,302886,0.0,0
2019-08-13 11:15:00+05:30,210.1999969482422,211.5,209.60000610351562,209.89999389648438,260172,0.0,0
2019-08-13 12:15:00+05:30,209.89999389648438,210.35000610351562,208.3000030517578,209.5,559769,0.0,0
2019-08-13 13:15:00+05:30,209.5500030517578,209.60000610351562,208.35000610351562,208.5500030517578,274295,0.0,0
2019-08-13 14:15:00+05:30,208.60000610351562,209.25,207.1999969482422,208.8000030517578,2512858,0.0,0
2019-08-13 15:15:00+05:30,208.6999969482422,209.39999389648438,207.9499969482422,208.39999389648438,403882,0.0,0
2019-08-14 09:15:00+05:30,208.4499969482422,212.4499969482422,208.4499969482422,210.10000610351562,680495,0.0,0
2019-08-14 10:15:00+05:30,210.10000610351562,213.4499969482422,210.10000610351562,213.3000030517578,546552,0.0,0
2019-08-14 11:15:00+05:30,213.3000030517578,214.0,211.75,212.0500030517578,560662,0.0,0
2019-08-14 12:15:00+05:30,212.0500030517578,213.4499969482422,212.0500030517578,213.25,296717,0.0,0
2019-08-14 13:15:00+05:30,213.3000030517578,213.9499969482422,212.75,213.8000030517578,234762,0.0,0
2019-08-14 14:15:00+05:30,213.89999389648438,214.6999969482422,213.5,213.9499969482422,896109,0.0,0
2019-08-14 15:15:00+05:30,214.0,215.1999969482422,213.1999969482422,214.0,455438,0.0,0
2019-08-16 09:15:00+05:30,213.89999389648438,213.89999389648438,209.6999969482422,210.14999389648438,508991,0.0,0
2019-08-16 10:15:00+05:30,210.10000610351562,212.25,210.0500030517578,211.89999389648438,333334,0.0,0
2019-08-16 11:15:00+05:30,211.89999389648438,213.1999969482422,211.89999389648438,212.85000610351562,273488,0.0,0
2019-08-16 12:15:00+05:30,212.85000610351562,213.3000030517578,212.39999389648438,213.0,194020,0.0,0
2019-08-16 13:15:00+05:30,213.0,213.6999969482422,211.64999389648438,213.35000610351562,257669,0.0,0
2019-08-16 14:15:00+05:30,213.25,214.1999969482422,212.75,213.8000030517578,371422,0.0,0
2019-08-16 15:15:00+05:30,213.75,214.9499969482422,213.6999969482422,213.89999389648438,209479,0.0,0
2019-08-19 09:15:00+05:30,214.6999969482422,216.60000610351562,214.39999389648438,215.64999389648438,349308,0.0,0
2019-08-19 10:15:00+05:30,215.5,215.8000030517578,213.5,213.64999389648438,186014,0.0,0
2019-08-19 11:15:00+05:30,213.64999389648438,214.10000610351562,212.35000610351562,213.10000610351562,168615,0.0,0
2019-08-19 12:15:00+05:30,213.14999389648438,214.1999969482422,212.5500030517578,212.8000030517578,232445,0.0,0
2019-08-19 13:15:00+05:30,212.89999389648438,213.39999389648438,212.0,212.9499969482422,198956,0.0,0
2019-08-19 14:15:00+05:30,212.9499969482422,213.0,211.3000030517578,212.3000030517578,619358,0.0,0
2019-08-19 15:15:00+05:30,212.35000610351562,212.85000610351562,211.85000610351562,211.85000610351562,124112,0.0,0
2019-08-20 09:15:00+05:30,212.3000030517578,212.3000030517578,206.4499969482422,207.10000610351562,515243,0.0,0
2019-08-20 10:15:00+05:30,207.10000610351562,207.85000610351562,205.14999389648438,205.5,335505,0.0,0
2019-08-20 11:15:00+05:30,205.5,206.5,205.35000610351562,206.0,189163,0.0,0
2019-08-20 12:15:00+05:30,206.0,206.39999389648438,205.1999969482422,206.0,117299,0.0,0
2019-08-20 13:15:00+05:30,205.9499969482422,207.39999389648438,205.8000030517578,207.0,246483,0.0,0
2019-08-20 14:15:00+05:30,207.0,207.0500030517578,205.1999969482422,205.6999969482422,267335,0.0,0
2019-08-20 15:15:00+05:30,205.64999389648438,206.5,205.60000610351562,205.85000610351562,150762,0.0,0
2019-08-21 09:15:00+05:30,205.85000610351562,206.75,203.8000030517578,205.5500030517578,600362,0.0,0
2019-08-21 10:15:00+05:30,205.5500030517578,205.64999389648438,204.0500030517578,204.25,213391,0.0,0
2019-08-21 11:15:00+05:30,204.1999969482422,204.8000030517578,203.35000610351562,203.5,413832,0.0,0
2019-08-21 12:15:00+05:30,203.5,204.64999389648438,203.3000030517578,203.75,143119,0.0,0
2019-08-21 13:15:00+05:30,203.75,204.25,201.6999969482422,201.8000030517578,431494,0.0,0
2019-08-21 14:15:00+05:30,201.75,202.8000030517578,200.5,201.0500030517578,301072,0.0,0
2019-08-21 15:15:00+05:30,201.10000610351562,201.3000030517578,200.5,201.10000610351562,122307,0.0,0
2019-08-23 09:15:00+05:30,197.0,199.35000610351562,196.10000610351562,198.6999969482422,737355,0.0,0
2019-08-23 10:15:00+05:30,198.6999969482422,199.5,197.60000610351562,197.6999969482422,2619401,0.0,0
2019-08-23 11:15:00+05:30,197.75,198.85000610351562,197.14999389648438,197.89999389648438,285125,0.0,0
2019-08-23 12:15:00+05:30,197.89999389648438,198.39999389648438,197.60000610351562,198.0500030517578,275030,0.0,0
2019-08-23 13:15:00+05:30,198.0500030517578,199.6999969482422,197.8000030517578,198.89999389648438,636473,0.0,0
2019-08-23 14:15:00+05:30,198.89999389648438,199.1999969482422,196.60000610351562,197.25,813013,0.0,0
2019-08-23 15:15:00+05:30,197.14999389648438,197.85000610351562,197.0,197.3000030517578,261138,0.0,0
2019-08-26 09:15:00+05:30,202.39999389648438,202.39999389648438,194.60000610351562,196.3000030517578,862054,0.0,0
2019-08-26 10:15:00+05:30,196.3000030517578,197.89999389648438,196.1999969482422,197.14999389648438,449583,0.0,0
2019-08-26 11:15:00+05:30,197.25,199.4499969482422,196.39999389648438,198.60000610351562,406360,0.0,0
2019-08-26 12:15:00+05:30,198.6999969482422,199.75,197.64999389648438,199.35000610351562,326839,0.0,0
2019-08-26 13:15:00+05:30,199.25,202.5,199.0,201.6999969482422,605855,0.0,0
2019-08-26 14:15:00+05:30,201.8000030517578,203.10000610351562,200.4499969482422,202.5,566948,0.0,0
2019-08-26 15:15:00+05:30,202.5,203.3000030517578,202.35000610351562,202.64999389648438,109920,0.0,0
2019-08-27 09:15:00+05:30,203.5,207.25,202.85000610351562,207.10000610351562,554723,0.0,0
2019-08-27 10:15:00+05:30,207.10000610351562,207.5,205.85000610351562,206.85000610351562,259365,0.0,0
2019-08-27 11:15:00+05:30,206.89999389648438,207.0,204.5500030517578,205.3000030517578,168602,0.0,0
2019-08-27 12:15:00+05:30,205.3000030517578,206.35000610351562,203.85000610351562,205.14999389648438,171670,0.0,0
2019-08-27 13:15:00+05:30,205.14999389648438,206.25,204.1999969482422,205.85000610351562,205918,0.0,0
2019-08-27 14:15:00+05:30,205.8000030517578,206.4499969482422,204.5,204.9499969482422,624049,0.0,0
2019-08-27 15:15:00+05:30,205.0,205.64999389648438,204.8000030517578,205.10000610351562,0,0.0,0
2019-08-28 09:15:00+05:30,205.0,206.5,203.5,204.1999969482422,323501,0.0,0
2019-08-28 10:15:00+05:30,204.35000610351562,207.3000030517578,204.35000610351562,207.25,286665,0.0,0
2019-08-28 11:15:00+05:30,207.14999389648438,207.5,206.0500030517578,206.35000610351562,175936,0.0,0
2019-08-28 12:15:00+05:30,206.25,206.35000610351562,204.8000030517578,205.14999389648438,146222,0.0,0
2019-08-28 13:15:00+05:30,205.0500030517578,205.25,204.0500030517578,204.85000610351562,177739,0.0,0
2019-08-28 14:15:00+05:30,204.85000610351562,205.3000030517578,202.75,205.14999389648438,403071,0.0,0
2019-08-28 15:15:00+05:30,205.14999389648438,205.60000610351562,204.5500030517578,205.0,157197,0.0,0
2019-08-29 09:15:00+05:30,203.5500030517578,205.14999389648438,202.1999969482422,204.35000610351562,293805,0.0,0
2019-08-29 10:15:00+05:30,204.39999389648438,204.64999389648438,202.5500030517578,203.1999969482422,297536,0.0,0
2019-08-29 11:15:00+05:30,203.0,203.39999389648438,200.10000610351562,200.39999389648438,345719,0.0,0
2019-08-29 12:15:00+05:30,200.1999969482422,200.9499969482422,199.64999389648438,200.10000610351562,426973,0.0,0
2019-08-29 13:15:00+05:30,200.1999969482422,201.9499969482422,200.0,201.5500030517578,321016,0.0,0
2019-08-29 14:15:00+05:30,201.5,201.9499969482422,199.39999389648438,199.9499969482422,507871,0.0,0
2019-08-29 15:15:00+05:30,199.9499969482422,200.89999389648438,199.8000030517578,200.0500030517578,942231,0.0,0
2019-08-30 09:15:00+05:30,201.0,201.5500030517578,199.6999969482422,200.0,846251,0.0,0
2019-08-30 10:15:00+05:30,200.0500030517578,200.8000030517578,199.14999389648438,200.0,601768,0.0,0
2019-08-30 11:15:00+05:30,200.0,201.25,199.85000610351562,200.85000610351562,544204,0.0,0
2019-08-30 12:15:00+05:30,200.85000610351562,201.5500030517578,200.0,200.6999969482422,304289,0.0,0
2019-08-30 13:15:00+05:30,200.6999969482422,201.35000610351562,200.10000610351562,200.89999389648438,357196,0.0,0
2019-08-30 14:15:00+05:30,200.9499969482422,202.5,200.0500030517578,202.1999969482422,442485,0.0,0
2019-08-30 15:15:00+05:30,202.25,202.9499969482422,201.9499969482422,202.35000610351562,226051,0.0,0
2019-09-03 09:15:00+05:30,200.0,200.64999389648438,198.8000030517578,198.89999389648438,1093578,0.0,0
2019-09-03 10:15:00+05:30,198.89999389648438,198.9499969482422,196.6999969482422,197.0,478362,0.0,0
2019-09-03 11:15:00+05:30,197.0500030517578,197.35000610351562,195.75,195.89999389648438,487520,0.0,0
2019-09-03 12:15:00+05:30,195.89999389648438,196.10000610351562,194.6999969482422,195.1999969482422,917378,0.0,0
2019-09-03 13:15:00+05:30,195.1999969482422,195.25,193.4499969482422,193.89999389648438,776303,0.0,0
2019-09-03 14:15:00+05:30,193.9499969482422,194.1999969482422,193.25,193.64999389648438,1223467,0.0,0
2019-09-03 15:15:00+05:30,193.5,193.6999969482422,192.60000610351562,193.35000610351562,804475,0.0,0
2019-09-04 09:15:00+05:30,192.89999389648438,192.89999389648438,189.14999389648438,191.75,1832976,0.0,0
2019-09-04 10:15:00+05:30,191.75,191.89999389648438,189.64999389648438,189.85000610351562,703980,0.0,0
2019-09-04 11:15:00+05:30,189.8000030517578,191.5,189.39999389648438,190.6999969482422,977940,0.0,0
2019-09-04 12:15:00+05:30,190.6999969482422,190.6999969482422,188.5,190.4499969482422,923572,0.0,0
2019-09-04 13:15:00+05:30,190.4499969482422,190.9499969482422,190.0,190.75,627453,0.0,0
2019-09-04 14:15:00+05:30,190.6999969482422,191.0,189.6999969482422,190.8000030517578,473784,0.0,0
2019-09-04 15:15:00+05:30,190.75,191.3000030517578,190.64999389648438,190.89999389648438,297883,0.0,0
2019-09-05 09:15:00+05:30,192.60000610351562,193.39999389648438,190.39999389648438,192.60000610351562,770551,0.0,0
2019-09-05 10:15:00+05:30,192.60000610351562,193.25,192.0,192.35000610351562,487655,0.0,0
2019-09-05 11:15:00+05:30,192.35000610351562,193.0,191.39999389648438,191.60000610351562,368743,0.0,0
2019-09-05 12:15:00+05:30,191.6999969482422,192.85000610351562,191.60000610351562,192.85000610351562,304574,0.0,0
2019-09-05 13:15:00+05:30,192.85000610351562,193.25,192.5,193.0,380747,0.0,0
2019-09-05 14:15:00+05:30,193.0500030517578,193.64999389648438,192.64999389648438,193.14999389648438,376493,0.0,0
2019-09-05 15:15:00+05:30,193.14999389648438,193.5,192.64999389648438,193.0,237707,0.0,0
2019-09-06 09:15:00+05:30,193.60000610351562,195.5,193.3000030517578,195.4499969482422,371559,0.0,0
2019-09-06 10:15:00+05:30,195.4499969482422,196.6999969482422,195.35000610351562,196.39999389648438,274207,0.0,0
2019-09-06 11:15:00+05:30,196.35000610351562,196.39999389648438,194.6999969482422,195.10000610351562,271742,0.0,0
2019-09-06 12:15:00+05:30,195.0500030517578,195.25,194.60000610351562,195.0,65586,0.0,0
2019-09-06 13:15:00+05:30,195.0,195.10000610351562,194.0500030517578,194.25,133411,0.0,0
2019-09-06 14:15:00+05:30,194.0500030517578,195.10000610351562,193.60000610351562,194.85000610351562,291250,0.0,0
2019-09-06 15:15:00+05:30,194.85000610351562,195.0,194.5500030517578,194.6999969482422,154739,0.0,0
2019-09-09 09:15:00+05:30,194.6999969482422,195.9499969482422,193.64999389648438,195.9499969482422,153690,0.0,0
2019-09-09 10:15:00+05:30,195.9499969482422,197.39999389648438,195.5,196.9499969482422,194432,0.0,0
2019-09-09 11:15:00+05:30,196.9499969482422,197.39999389648438,196.5,197.35000610351562,112618,0.0,0
2019-09-09 12:15:00+05:30,197.35000610351562,197.8000030517578,196.3000030517578,196.8000030517578,101795,0.0,0
2019-09-09 13:15:00+05:30,196.85000610351562,197.0500030517578,195.6999969482422,196.1999969482422,217556,0.0,0
2019-09-09 14:15:00+05:30,196.25,196.39999389648438,195.0,195.4499969482422,503997,0.0,0
2019-09-09 15:15:00+05:30,195.5,196.1999969482422,195.35000610351562,195.85000610351562,249548,0.0,0
2019-09-11 09:15:00+05:30,196.0,198.35000610351562,196.0,196.4499969482422,476056,0.0,0
2019-09-11 10:15:00+05:30,196.5500030517578,196.8000030517578,196.10000610351562,196.39999389648438,173861,0.0,0
2019-09-11 11:15:00+05:30,196.3000030517578,197.6999969482422,196.0,197.39999389648438,254694,0.0,0
2019-09-11 12:15:00+05:30,197.25,197.64999389648438,196.9499969482422,197.1999969482422,94530,0.0,0
2019-09-11 13:15:00+05:30,197.1999969482422,198.1999969482422,196.64999389648438,197.3000030517578,294750,0.0,0
2019-09-11 14:15:00+05:30,197.35000610351562,197.89999389648438,196.75,197.60000610351562,259612,0.0,0
2019-09-11 15:15:00+05:30,197.5500030517578,197.60000610351562,196.75,197.35000610351562,191057,0.0,0
2019-09-12 09:15:00+05:30,197.85000610351562,199.60000610351562,197.60000610351562,198.85000610351562,510610,0.0,0
2019-09-12 10:15:00+05:30,198.85000610351562,200.14999389648438,198.25,198.3000030517578,671149,0.0,0
2019-09-12 11:15:00+05:30,198.25,199.0,197.8000030517578,198.5,247801,0.0,0
2019-09-12 12:15:00+05:30,198.5,199.3000030517578,198.4499969482422,198.85000610351562,137805,0.0,0
2019-09-12 13:15:00+05:30,198.85000610351562,199.0500030517578,197.35000610351562,197.85000610351562,224351,0.0,0
2019-09-12 14:15:00+05:30,197.8000030517578,198.0,195.35000610351562,195.6999969482422,309244,0.0,0
2019-09-12 15:15:00+05:30,195.85000610351562,196.0,195.10000610351562,195.4499969482422,150844,0.0,0
2019-09-13 09:15:00+05:30,196.5,196.8000030517578,193.89999389648438,194.6999969482422,347975,0.0,0
2019-09-13 10:15:00+05:30,194.64999389648438,195.75,194.25,195.25,257007,0.0,0
2019-09-13 11:15:00+05:30,195.14999389648438,197.25,194.8000030517578,197.0,266691,0.0,0
2019-09-13 12:15:00+05:30,197.0,197.35000610351562,196.0500030517578,196.5500030517578,147728,0.0,0
2019-09-13 13:15:00+05:30,196.4499969482422,197.8000030517578,196.1999969482422,197.75,140742,0.0,0
2019-09-13 14:15:00+05:30,197.6999969482422,201.25,197.35000610351562,200.85000610351562,789934,0.0,0
2019-09-13 15:15:00+05:30,200.89999389648438,202.14999389648438,200.8000030517578,201.0,289281,0.0,0
2019-09-16 09:15:00+05:30,199.0,202.0,197.4499969482422,201.89999389648438,439009,0.0,0
2019-09-16 10:15:00+05:30,201.9499969482422,203.89999389648438,201.8000030517578,203.39999389648438,369608,0.0,0
2019-09-16 11:15:00+05:30,203.4499969482422,203.4499969482422,202.14999389648438,202.4499969482422,303972,0.0,0
2019-09-16 12:15:00+05:30,202.35000610351562,202.64999389648438,199.89999389648438,200.35000610351562,437729,0.0,0
2019-09-16 13:15:00+05:30,200.3000030517578,201.14999389648438,199.5,200.39999389648438,147796,0.0,0
2019-09-16 14:15:00+05:30,200.4499969482422,201.8000030517578,199.85000610351562,201.75,248427,0.0,0
2019-09-16 15:15:00+05:30,201.6999969482422,201.89999389648438,201.10000610351562,201.4499969482422,139968,0.0,0
2019-09-17 09:15:00+05:30,200.85000610351562,201.1999969482422,198.75,199.0,0,0.0,0
2019-09-17 10:15:00+05:30,199.0,199.60000610351562,197.6999969482422,198.85000610351562,364675,0.0,0
2019-09-17 11:15:00+05:30,198.75,198.8000030517578,196.75,197.0,203952,0.0,0
2019-09-17 12:15:00+05:30,196.85000610351562,197.0,195.89999389648438,195.9499969482422,324322,0.0,0
2019-09-17 13:15:00+05:30,195.85000610351562,196.14999389648438,194.3000030517578,194.3000030517578,533422,0.0,0
2019-09-17 14:15:00+05:30,194.3000030517578,194.8000030517578,193.5,194.4499969482422,646680,0.0,0
2019-09-17 15:15:00+05:30,194.39999389648438,194.64999389648438,194.0,194.35000610351562,250628,0.0,0
2019-09-18 09:15:00+05:30,195.0500030517578,196.6999969482422,194.10000610351562,194.4499969482422,0,0.0,0
2019-09-18 10:15:00+05:30,194.4499969482422,196.39999389648438,194.3000030517578,195.85000610351562,169118,0.0,0
2019-09-18 11:15:00+05:30,195.75,196.6999969482422,194.8000030517578,195.10000610351562,314880,0.0,0
2019-09-18 12:15:00+05:30,195.0500030517578,195.64999389648438,194.9499969482422,195.25,419511,0.0,0
2019-09-18 13:15:00+05:30,195.4499969482422,195.9499969482422,195.14999389648438,195.89999389648438,328435,0.0,0
2019-09-18 14:15:00+05:30,195.75,196.4499969482422,195.39999389648438,196.0500030517578,223074,0.0,0
2019-09-18 15:15:00+05:30,196.0,196.0500030517578,195.5500030517578,195.8000030517578,164213,0.0,0
2019-09-19 09:15:00+05:30,195.5,196.5,194.5500030517578,194.60000610351562,0,0.0,0
2019-09-19 10:15:00+05:30,194.6999969482422,194.6999969482422,193.0,193.60000610351562,211622,0.0,0
2019-09-19 11:15:00+05:30,193.60000610351562,194.35000610351562,193.1999969482422,193.85000610351562,182225,0.0,0
2019-09-19 12:15:00+05:30,193.8000030517578,194.3000030517578,192.35000610351562,192.60000610351562,333126,0.0,0
2019-09-19 13:15:00+05:30,192.60000610351562,193.6999969482422,191.25,191.4499969482422,431238,0.0,0
2019-09-19 14:15:00+05:30,191.5,192.0,190.25,191.8000030517578,434568,0.0,0
2019-09-19 15:15:00+05:30,191.8000030517578,192.10000610351562,191.39999389648438,191.8000030517578,189561,0.0,0
2019-09-20 09:15:00+05:30,192.39999389648438,193.85000610351562,191.25,193.64999389648438,0,0.0,0
2019-09-20 10:15:00+05:30,193.6999969482422,200.64999389648438,193.5,200.5,946237,0.0,0
2019-09-20 11:15:00+05:30,200.64999389648438,213.0,200.5500030517578,212.64999389648438,2486391,0.0,0
2019-09-20 12:15:00+05:30,212.5,213.9499969482422,210.5,213.85000610351562,1157500,0.0,0
2019-09-20 13:15:00+05:30,213.9499969482422,217.35000610351562,213.85000610351562,216.5500030517578,819776,0.0,0
2019-09-20 14:15:00+05:30,216.5500030517578,217.25,213.0500030517578,215.60000610351562,1612162,0.0,0
2019-09-20 15:15:00+05:30,215.5500030517578,215.64999389648438,213.39999389648438,214.0,908844,0.0,0
2019-09-23 09:15:00+05:30,216.5500030517578,222.64999389648438,216.5500030517578,220.39999389648438,0,0.0,0
2019-09-23 10:15:00+05:30,220.39999389648438,223.75,219.60000610351562,222.5,702307,0.0,0
2019-09-23 11:15:00+05:30,222.4499969482422,224.0,220.0,222.64999389648438,762276,0.0,0
2019-09-23 12:15:00+05:30,222.5,225.0,221.85000610351562,222.0500030517578,497890,0.0,0
2019-09-23 13:15:00+05:30,221.89999389648438,222.8000030517578,218.60000610351562,220.35000610351562,750396,0.0,0
2019-09-23 14:15:00+05:30,220.35000610351562,222.5,219.85000610351562,220.25,772889,0.0,0
2019-09-23 15:15:00+05:30,220.39999389648438,222.39999389648438,219.5,220.5500030517578,0,0.0,0
2019-09-24 09:15:00+05:30,219.1999969482422,219.1999969482422,212.6999969482422,217.14999389648438,0,0.0,0
2019-09-24 10:15:00+05:30,217.10000610351562,219.10000610351562,213.5,213.8000030517578,606752,0.0,0
2019-09-24 11:15:00+05:30,213.60000610351562,216.60000610351562,213.0,213.9499969482422,385014,0.0,0
2019-09-24 12:15:00+05:30,213.89999389648438,215.5,213.64999389648438,214.14999389648438,310865,0.0,0
2019-09-24 13:15:00+05:30,214.25,215.3000030517578,213.3000030517578,214.60000610351562,250951,0.0,0
2019-09-24 14:15:00+05:30,214.6999969482422,215.8000030517578,214.1999969482422,215.4499969482422,203717,0.0,0
2019-09-24 15:15:00+05:30,215.60000610351562,216.5,215.1999969482422,215.75,152087,0.0,0
2019-09-25 09:15:00+05:30,214.0,214.64999389648438,211.39999389648438,213.60000610351562,0,0.0,0
2019-09-25 10:15:00+05:30,213.5,215.60000610351562,212.8000030517578,213.60000610351562,392475,0.0,0
2019-09-25 11:15:00+05:30,213.60000610351562,213.8000030517578,212.39999389648438,212.5,206490,0.0,0
2019-09-25 12:15:00+05:30,212.5,213.0,210.39999389648438,210.60000610351562,671610,0.0,0
2019-09-25 13:15:00+05:30,210.60000610351562,210.60000610351562,208.64999389648438,208.85000610351562,658253,0.0,0
2019-09-25 14:15:00+05:30,208.85000610351562,210.60000610351562,207.3000030517578,210.5500030517578,1181973,0.0,0
2019-09-25 15:15:00+05:30,210.5500030517578,210.75,209.6999969482422,210.10000610351562,323715,0.0,0
2019-09-26 09:15:00+05:30,213.8000030517578,213.8000030517578,208.64999389648438,209.60000610351562,0,0.0,0
2019-09-26 10:15:00+05:30,209.75,210.0500030517578,208.1999969482422,209.8000030517578,625169,0.0,0
2019-09-26 11:15:00+05:30,209.8000030517578,210.10000610351562,208.0500030517578,208.10000610351562,318585,0.0,0
2019-09-26 12:15:00+05:30,208.0500030517578,209.9499969482422,207.60000610351562,209.8000030517578,270778,0.0,0
2019-09-26 13:15:00+05:30,209.85000610351562,210.0500030517578,208.89999389648438,209.9499969482422,276354,0.0,0
2019-09-26 14:15:00+05:30,209.9499969482422,211.64999389648438,209.35000610351562,210.5,1041081,0.0,0
2019-09-26 15:15:00+05:30,210.4499969482422,211.1999969482422,209.89999389648438,210.5,588354,0.0,0
2019-09-27 09:15:00+05:30,210.10000610351562,210.35000610351562,207.14999389648438,207.3000030517578,0,0.0,0
2019-09-27 10:15:00+05:30,207.14999389648438,207.3000030517578,206.10000610351562,206.14999389648438,282724,0.0,0
2019-09-27 11:15:00+05:30,206.14999389648438,206.9499969482422,205.85000610351562,206.1999969482422,230367,0.0,0
2019-09-27 12:15:00+05:30,206.3000030517578,208.5,206.10000610351562,207.8000030517578,188218,0.0,0
2019-09-27 13:15:00+05:30,208.10000610351562,209.1999969482422,207.5500030517578,208.6999969482422,316843,0.0,0
2019-09-27 14:15:00+05:30,208.64999389648438,209.0,206.5,206.8000030517578,364627,0.0,0
2019-09-27 15:15:00+05:30,206.9499969482422,207.4499969482422,206.75,207.0500030517578,152439,0.0,0
2019-09-30 09:15:00+05:30,206.9499969482422,206.9499969482422,203.60000610351562,204.5,0,0.0,0
2019-09-30 10:15:00+05:30,204.5,205.5500030517578,203.0,204.5,252506,0.0,0
2019-09-30 11:15:00+05:30,204.60000610351562,205.14999389648438,204.0500030517578,204.64999389648438,110004,0.0,0
2019-09-30 12:15:00+05:30,204.6999969482422,206.4499969482422,204.0,205.85000610351562,185638,0.0,0
2019-09-30 13:15:00+05:30,205.85000610351562,206.0500030517578,204.39999389648438,204.8000030517578,128081,0.0,0
2019-09-30 14:15:00+05:30,204.8000030517578,205.35000610351562,202.5,203.85000610351562,509112,0.0,0
2019-09-30 15:15:00+05:30,203.9499969482422,204.75,203.75,204.0500030517578,263980,0.0,0
2019-10-01 09:15:00+05:30,204.5500030517578,205.5,200.5,201.0,0,0.0,0
2019-10-01 10:15:00+05:30,201.0500030517578,203.0,200.8000030517578,201.9499969482422,278471,0.0,0
2019-10-01 11:15:00+05:30,202.0,202.75,201.1999969482422,201.4499969482422,154568,0.0,0
2019-10-01 12:15:00+05:30,201.39999389648438,201.85000610351562,199.10000610351562,199.1999969482422,361144,0.0,0
2019-10-01 13:15:00+05:30,199.1999969482422,199.35000610351562,194.3000030517578,194.5,694813,0.0,0
2019-10-01 14:15:00+05:30,194.39999389648438,200.35000610351562,193.6999969482422,199.35000610351562,1784078,0.0,0
2019-10-01 15:15:00+05:30,199.14999389648438,200.14999389648438,198.6999969482422,199.5,165530,0.0,0
2019-10-03 09:15:00+05:30,198.35000610351562,200.75,195.6999969482422,200.1999969482422,0,0.0,0
2019-10-03 10:15:00+05:30,200.10000610351562,200.75,198.64999389648438,199.5500030517578,206336,0.0,0
2019-10-03 11:15:00+05:30,199.5500030517578,201.25,198.9499969482422,200.1999969482422,454678,0.0,0
2019-10-03 12:15:00+05:30,200.1999969482422,200.60000610351562,195.39999389648438,195.75,370247,0.0,0
2019-10-03 13:15:00+05:30,195.8000030517578,196.25,193.75,195.25,616211,0.0,0
2019-10-03 14:15:00+05:30,195.25,196.9499969482422,195.10000610351562,196.0,231017,0.0,0
2019-10-03 15:15:00+05:30,196.0,196.75,196.0,196.35000610351562,120888,0.0,0
2019-10-04 09:15:00+05:30,197.5500030517578,198.10000610351562,194.64999389648438,195.75,0,0.0,0
2019-10-04 10:15:00+05:30,195.6999969482422,196.6999969482422,194.35000610351562,194.64999389648438,199079,0.0,0
2019-10-04 11:15:00+05:30,194.64999389648438,195.0,193.0500030517578,193.5500030517578,368016,0.0,0
2019-10-04 12:15:00+05:30,193.64999389648438,194.85000610351562,191.75,192.35000610351562,358065,0.0,0
2019-10-04 13:15:00+05:30,192.35000610351562,192.89999389648438,191.25,191.60000610351562,337428,0.0,0
2019-10-04 14:15:00+05:30,191.64999389648438,191.6999969482422,189.0,189.14999389648438,726363,0.0,0
2019-10-04 15:15:00+05:30,189.1999969482422,190.1999969482422,188.85000610351562,190.0500030517578,307468,0.0,0
2019-10-07 09:15:00+05:30,190.6999969482422,190.75,186.1999969482422,189.14999389648438,0,0.0,0
2019-10-07 10:15:00+05:30,189.14999389648438,189.1999969482422,186.5500030517578,186.85000610351562,321140,0.0,0
2019-10-07 11:15:00+05:30,186.75,188.35000610351562,186.4499969482422,187.39999389648438,323154,0.0,0
2019-10-07 12:15:00+05:30,187.3000030517578,187.85000610351562,186.4499969482422,187.1999969482422,181538,0.0,0
2019-10-07 13:15:00+05:30,187.39999389648438,187.75,185.75,186.35000610351562,303318,0.0,0
2019-10-07 14:15:00+05:30,186.5500030517578,187.5,185.25,185.25,658655,0.0,0
2019-10-07 15:15:00+05:30,185.3000030517578,186.0,185.25,185.9499969482422,176678,0.0,0
2019-10-09 09:15:00+05:30,185.9499969482422,187.3000030517578,185.14999389648438,186.4499969482422,0,0.0,0
2019-10-09 10:15:00+05:30,186.4499969482422,188.8000030517578,184.10000610351562,188.1999969482422,815414,0.0,0
2019-10-09 11:15:00+05:30,188.3000030517578,191.5,188.3000030517578,191.0500030517578,793230,0.0,0
2019-10-09 12:15:00+05:30,190.89999389648438,191.4499969482422,189.75,191.14999389648438,348382,0.0,0
2019-10-09 13:15:00+05:30,191.1999969482422,191.64999389648438,190.39999389648438,190.85000610351562,233095,0.0,0
2019-10-09 14:15:00+05:30,190.75,193.3000030517578,190.60000610351562,192.3000030517578,582493,0.0,0
2019-10-09 15:15:00+05:30,192.3000030517578,192.8000030517578,191.75,192.3000030517578,169599,0.0,0
2019-10-10 09:15:00+05:30,191.0500030517578,191.6999969482422,187.8000030517578,189.0500030517578,0,0.0,0
2019-10-10 10:15:00+05:30,189.0,190.4499969482422,188.5500030517578,189.1999969482422,266015,0.0,0
2019-10-10 11:15:00+05:30,189.0,189.6999969482422,188.0,188.6999969482422,253376,0.0,0
2019-10-10 12:15:00+05:30,188.5500030517578,189.8000030517578,187.64999389648438,188.0500030517578,227002,0.0,0
2019-10-10 13:15:00+05:30,188.14999389648438,188.6999969482422,186.85000610351562,187.6999969482422,356639,0.0,0
2019-10-10 14:15:00+05:30,187.6999969482422,188.1999969482422,187.3000030517578,188.0500030517578,307572,0.0,0
2019-10-10 15:15:00+05:30,187.85000610351562,188.75,187.6999969482422,188.0,101077,0.0,0
2019-10-11 09:15:00+05:30,189.14999389648438,190.75,188.39999389648438,189.8000030517578,0,0.0,0
2019-10-11 10:15:00+05:30,189.6999969482422,189.89999389648438,187.0500030517578,187.25,314002,0.0,0
2019-10-11 11:15:00+05:30,187.35000610351562,188.25,186.85000610351562,187.39999389648438,342609,0.0,0
2019-10-11 12:15:00+05:30,187.39999389648438,188.6999969482422,187.3000030517578,188.4499969482422,117600,0.0,0
2019-10-11 13:15:00+05:30,188.39999389648438,189.5,188.0,188.89999389648438,675161,0.0,0
2019-10-11 14:15:00+05:30,189.0,189.9499969482422,188.8000030517578,189.3000030517578,377804,0.0,0
2019-10-11 15:15:00+05:30,189.3000030517578,189.5500030517578,188.60000610351562,189.1999969482422,132780,0.0,0
2019-10-14 09:15:00+05:30,189.85000610351562,192.35000610351562,188.75,191.10000610351562,0,0.0,0
2019-10-14 10:15:00+05:30,191.10000610351562,192.8000030517578,190.9499969482422,191.39999389648438,299308,0.0,0
2019-10-14 11:15:00+05:30,191.39999389648438,192.1999969482422,190.5500030517578,192.0,297927,0.0,0
2019-10-14 12:15:00+05:30,191.9499969482422,194.60000610351562,191.85000610351562,193.8000030517578,596867,0.0,0
2019-10-14 13:15:00+05:30,193.8000030517578,194.8000030517578,193.25,194.60000610351562,239922,0.0,0
2019-10-14 14:15:00+05:30,194.5500030517578,195.3000030517578,193.6999969482422,193.9499969482422,764325,0.0,0
2019-10-14 15:15:00+05:30,193.9499969482422,194.39999389648438,193.4499969482422,194.0,174075,0.0,0
2019-10-15 09:15:00+05:30,194.85000610351562,195.89999389648438,194.0,195.0500030517578,0,0.0,0
2019-10-15 10:15:00+05:30,195.10000610351562,196.25,194.3000030517578,195.25,212645,0.0,0
2019-10-15 11:15:00+05:30,195.3000030517578,196.10000610351562,194.5,196.0,169463,0.0,0
2019-10-15 12:15:00+05:30,196.0,197.64999389648438,195.75,197.5,540126,0.0,0
2019-10-15 13:15:00+05:30,197.35000610351562,198.5,197.0,198.1999969482422,698534,0.0,0
2019-10-15 14:15:00+05:30,198.1999969482422,198.3000030517578,196.6999969482422,197.10000610351562,551606,0.0,0
2019-10-15 15:15:00+05:30,197.10000610351562,197.14999389648438,196.35000610351562,196.9499969482422,145966,0.0,0
2019-10-16 09:15:00+05:30,199.35000610351562,203.0500030517578,198.6999969482422,201.89999389648438,0,0.0,0
2019-10-16 10:15:00+05:30,201.89999389648438,201.9499969482422,199.5,200.35000610351562,308451,0.0,0
2019-10-16 11:15:00+05:30,200.39999389648438,201.60000610351562,199.10000610351562,201.35000610351562,411589,0.0,0
2019-10-16 12:15:00+05:30,201.35000610351562,201.85000610351562,200.8000030517578,201.5,428666,0.0,0
2019-10-16 13:15:00+05:30,201.5,202.5500030517578,200.89999389648438,202.4499969482422,407547,0.0,0
2019-10-16 14:15:00+05:30,202.5,203.0,201.5500030517578,202.85000610351562,752459,0.0,0
2019-10-16 15:15:00+05:30,202.85000610351562,203.0,202.25,202.6999969482422,192588,0.0,0
2019-10-17 09:15:00+05:30,203.5,204.5,202.0500030517578,204.1999969482422,0,0.0,0
2019-10-17 10:15:00+05:30,204.25,205.0,203.60000610351562,203.9499969482422,415276,0.0,0
2019-10-17 11:15:00+05:30,203.9499969482422,204.5500030517578,203.25,203.3000030517578,497275,0.0,0
2019-10-17 12:15:00+05:30,203.35000610351562,203.4499969482422,202.5,203.39999389648438,448279,0.0,0
2019-10-17 13:15:00+05:30,203.25,205.25,203.1999969482422,205.0,449915,0.0,0
2019-10-17 14:15:00+05:30,205.0,207.25,204.60000610351562,206.85000610351562,502911,0.0,0
2019-10-17 15:15:00+05:30,206.85000610351562,208.0,206.6999969482422,208.0,221733,0.0,0
2019-10-18 09:15:00+05:30,207.85000610351562,209.8000030517578,206.1999969482422,207.60000610351562,0,0.0,0
2019-10-18 10:15:00+05:30,207.5500030517578,208.6999969482422,206.64999389648438,206.8000030517578,351812,0.0,0
2019-10-18 11:15:00+05:30,206.89999389648438,207.25,206.39999389648438,206.89999389648438,380646,0.0,0
2019-10-18 12:15:00+05:30,207.0,207.9499969482422,206.8000030517578,206.89999389648438,296301,0.0,0
2019-10-18 13:15:00+05:30,206.89999389648438,208.0,206.60000610351562,207.64999389648438,327812,0.0,0
2019-10-18 14:15:00+05:30,207.64999389648438,208.1999969482422,206.8000030517578,207.64999389648438,613771,0.0,0
2019-10-18 15:15:00+05:30,207.6999969482422,208.0,207.0500030517578,207.64999389648438,331951,0.0,0
2019-10-22 09:15:00+05:30,204.9499969482422,204.9499969482422,192.60000610351562,196.6999969482422,0,0.0,0
2019-10-22 10:15:00+05:30,196.6999969482422,199.0,196.10000610351562,198.5500030517578,1329649,0.0,0
2019-10-22 11:15:00+05:30,198.5,200.25,197.5500030517578,198.60000610351562,847511,0.0,0
2019-10-22 12:15:00+05:30,198.60000610351562,198.89999389648438,197.0,197.89999389648438,419432,0.0,0
2019-10-22 13:15:00+05:30,197.75,197.85000610351562,195.3000030517578,195.89999389648438,747671,0.0,0
2019-10-22 14:15:00+05:30,195.8000030517578,197.5,195.0,196.0500030517578,2263789,0.0,0
2019-10-22 15:15:00+05:30,196.10000610351562,196.3000030517578,195.5,195.85000610351562,370657,0.0,0
2019-10-23 09:15:00+05:30,196.4499969482422,197.0,0.0,195.4499969482422,0,0.0,0
2019-10-23 10:15:00+05:30,193.8000030517578,196.60000610351562,193.8000030517578,195.85000610351562,667610,0.0,0
2019-10-23 11:15:00+05:30,196.25,196.89999389648438,195.39999389648438,196.39999389648438,1109110,0.0,0
2019-10-23 12:15:00+05:30,196.64999389648438,196.75,195.60000610351562,196.4499969482422,835000,0.0,0
2019-10-23 13:15:00+05:30,196.3000030517578,197.8000030517578,196.0,196.64999389648438,586788,0.0,0
2019-10-23 14:15:00+05:30,197.0500030517578,197.39999389648438,196.0,196.9499969482422,500919,0.0,0
2019-10-23 15:15:00+05:30,196.89999389648438,197.25,196.5,196.8000030517578,360588,0.0,0
2019-10-24 09:15:00+05:30,198.9499969482422,199.3000030517578,0.0,197.64999389648438,0,0.0,0
2019-10-24 10:15:00+05:30,197.0,197.8000030517578,195.5,196.0,2141469,0.0,0
2019-10-24 11:15:00+05:30,197.1999969482422,197.3000030517578,195.5,196.85000610351562,377358,0.0,0
2019-10-24 12:15:00+05:30,196.8000030517578,197.1999969482422,195.6999969482422,196.0500030517578,358179,0.0,0
2019-10-24 13:15:00+05:30,196.75,196.8000030517578,194.5,196.1999969482422,605725,0.0,0
2019-10-24 14:15:00+05:30,195.64999389648438,198.14999389648438,195.10000610351562,197.64999389648438,1247302,0.0,0
2019-10-24 15:15:00+05:30,197.64999389648438,198.0,196.5500030517578,197.0500030517578,301428,0.0,0
2019-10-25 09:00:00+05:30,0.0,199.10000610351562,0.0,198.25,4403,0.0,0
2019-10-25 10:00:00+05:30,198.3000030517578,199.10000610351562,196.6999969482422,197.89999389648438,345290,0.0,0
2019-10-25 11:00:00+05:30,197.39999389648438,198.60000610351562,196.6999969482422,198.39999389648438,1290605,0.0,0
2019-10-25 12:00:00+05:30,198.1999969482422,198.6999969482422,196.6999969482422,196.8000030517578,2034103,0.0,0
2019-10-25 13:00:00+05:30,198.35000610351562,198.60000610351562,195.3000030517578,196.25,923912,0.0,0
2019-10-25 14:00:00+05:30,196.64999389648438,198.1999969482422,195.3000030517578,198.14999389648438,1100455,0.0,0
2019-10-25 15:00:00+05:30,196.6999969482422,198.1999969482422,196.0,197.4499969482422,1366624,0.0,0
2019-10-27 17:15:00+05:30,0.0,197.4499969482422,0.0,197.4499969482422,0,0.0,0
2019-10-27 18:15:00+05:30,0.0,197.5500030517578,0.0,197.5500030517578,176994,0.0,0
2019-10-29 09:15:00+05:30,197.8000030517578,198.75,0.0,198.0,194625,0.0,0
2019-10-29 10:15:00+05:30,198.60000610351562,199.0,197.3000030517578,198.39999389648438,632938,0.0,0
2019-10-29 11:15:00+05:30,198.64999389648438,200.0,198.25,199.10000610351562,791058,0.0,0
2019-10-29 12:15:00+05:30,199.1999969482422,199.5,198.6999969482422,199.35000610351562,480593,0.0,0
2019-10-29 13:15:00+05:30,198.8000030517578,199.5,198.5500030517578,199.0500030517578,517397,0.0,0
2019-10-29 14:15:00+05:30,199.0500030517578,199.6999969482422,198.85000610351562,199.35000610351562,648170,0.0,0
2019-10-29 15:15:00+05:30,199.35000610351562,199.5,198.85000610351562,199.1999969482422,1070785,0.0,0
2019-10-30 09:15:00+05:30,199.89999389648438,203.6999969482422,0.0,203.25,0,0.0,0
2019-10-30 10:15:00+05:30,202.1999969482422,203.6999969482422,201.60000610351562,202.35000610351562,804598,0.0,0
2019-10-30 11:15:00+05:30,201.8000030517578,203.35000610351562,201.60000610351562,203.0,492795,0.0,0
2019-10-30 12:15:00+05:30,202.60000610351562,203.35000610351562,201.5500030517578,201.8000030517578,313719,0.0,0
2019-10-30 13:15:00+05:30,202.4499969482422,202.64999389648438,200.10000610351562,200.39999389648438,362505,0.0,0
2019-10-30 14:15:00+05:30,201.39999389648438,201.39999389648438,199.64999389648438,200.60000610351562,1309194,0.0,0
2019-10-30 15:15:00+05:30,200.5,201.25,200.10000610351562,200.60000610351562,474991,0.0,0
2019-10-31 09:15:00+05:30,202.0,202.5,0.0,199.6999969482422,0,0.0,0
2019-10-31 10:15:00+05:30,200.3000030517578,200.75,199.1999969482422,200.14999389648438,457567,0.0,0
2019-10-31 11:15:00+05:30,200.5,201.60000610351562,200.14999389648438,201.60000610351562,439248,0.0,0
2019-10-31 12:15:00+05:30,201.1999969482422,202.64999389648438,200.8000030517578,202.1999969482422,662680,0.0,0
2019-10-31 13:15:00+05:30,202.1999969482422,202.5,201.4499969482422,201.89999389648438,363951,0.0,0
2019-10-31 14:15:00+05:30,202.25,202.9499969482422,200.5500030517578,202.75,909965,0.0,0
2019-10-31 15:15:00+05:30,202.75,202.89999389648438,201.89999389648438,202.89999389648438,232661,0.0,0
2019-11-01 09:15:00+05:30,203.0,204.0,0.0,203.0,0,0.0,0
2019-11-01 10:15:00+05:30,203.35000610351562,203.5500030517578,201.85000610351562,203.0,1822729,0.0,0
2019-11-01 11:15:00+05:30,202.60000610351562,203.39999389648438,202.0,202.39999389648438,591758,0.0,0
2019-11-01 12:15:00+05:30,202.1999969482422,202.9499969482422,200.3000030517578,200.5500030517578,459628,0.0,0
2019-11-01 13:15:00+05:30,202.14999389648438,202.3000030517578,199.8000030517578,201.35000610351562,885915,0.0,0
2019-11-01 14:15:00+05:30,200.60000610351562,203.0,200.5500030517578,201.5,715389,0.0,0
2019-11-01 15:15:00+05:30,201.5,202.0500030517578,201.25,201.60000610351562,403268,0.0,0
2019-11-04 09:15:00+05:30,202.25,205.6999969482422,202.14999389648438,204.8000030517578,0,0.0,0
2019-11-04 10:15:00+05:30,204.10000610351562,206.6999969482422,202.60000610351562,205.39999389648438,557530,0.0,0
2019-11-04 11:15:00+05:30,205.8000030517578,206.5500030517578,203.6999969482422,204.6999969482422,814553,0.0,0
2019-11-04 12:15:00+05:30,204.25,205.10000610351562,204.0,204.64999389648438,1735568,0.0,0
2019-11-04 13:15:00+05:30,204.8000030517578,205.14999389648438,203.25,203.35000610351562,658427,0.0,0
2019-11-04 14:15:00+05:30,204.1999969482422,205.1999969482422,203.0,203.35000610351562,768748,0.0,0
2019-11-04 15:15:00+05:30,203.3000030517578,204.14999389648438,203.0,203.35000610351562,453939,0.0,0
2019-11-05 09:15:00+05:30,203.85000610351562,204.25,201.60000610351562,204.10000610351562,0,0.0,0
2019-11-05 10:15:00+05:30,203.39999389648438,204.35000610351562,203.3000030517578,203.5,165130,0.0,0
2019-11-05 11:15:00+05:30,204.10000610351562,204.14999389648438,201.14999389648438,201.39999389648438,1082722,0.0,0
2019-11-05 12:15:00+05:30,201.75,202.10000610351562,200.5500030517578,201.14999389648438,442657,0.0,0
2019-11-05 13:15:00+05:30,201.6999969482422,201.85000610351562,200.5500030517578,201.4499969482422,519070,0.0,0
2019-11-05 14:15:00+05:30,201.3000030517578,202.1999969482422,200.75,201.25,580917,0.0,0
2019-11-05 15:15:00+05:30,201.5,202.1999969482422,201.0500030517578,201.5500030517578,645600,0.0,0
2019-11-06 09:15:00+05:30,201.60000610351562,203.25,200.60000610351562,200.8000030517578,0,0.0,0
2019-11-06 10:15:00+05:30,201.35000610351562,201.75,199.89999389648438,200.5500030517578,219893,0.0,0
2019-11-06 11:15:00+05:30,200.39999389648438,202.39999389648438,200.1999969482422,201.8000030517578,436522,0.0,0
2019-11-06 12:15:00+05:30,201.1999969482422,203.25,201.1999969482422,203.1999969482422,860681,0.0,0
2019-11-06 13:15:00+05:30,201.8000030517578,203.5,201.8000030517578,202.89999389648438,286118,0.0,0
2019-11-06 14:15:00+05:30,202.89999389648438,203.6999969482422,202.0,202.39999389648438,325923,0.0,0
2019-11-06 15:15:00+05:30,202.39999389648438,203.1999969482422,201.75,202.25,289044,0.0,0
2019-11-07 09:15:00+05:30,205.0,205.0,203.14999389648438,204.0,0,0.0,0
2019-11-07 10:15:00+05:30,203.64999389648438,204.5500030517578,203.10000610351562,204.1999969482422,202490,0.0,0
2019-11-07 11:15:00+05:30,203.85000610351562,204.3000030517578,202.89999389648438,203.8000030517578,283120,0.0,0
2019-11-07 12:15:00+05:30,203.5500030517578,203.9499969482422,201.75,202.5,1529349,0.0,0
2019-11-07 13:15:00+05:30,202.64999389648438,203.0500030517578,202.1999969482422,202.5500030517578,253470,0.0,0
2019-11-07 14:15:00+05:30,202.8000030517578,203.3000030517578,202.25,203.25,356695,0.0,0
2019-11-07 15:15:00+05:30,203.35000610351562,204.0,202.89999389648438,203.8000030517578,209153,0.0,0
2019-11-08 09:15:00+05:30,203.0,204.14999389648438,202.14999389648438,203.9499969482422,0,0.0,0
2019-11-08 10:15:00+05:30,202.75,204.89999389648438,202.25,202.89999389648438,182459,0.0,0
2019-11-08 11:15:00+05:30,202.39999389648438,203.35000610351562,202.3000030517578,202.5500030517578,225151,0.0,0
2019-11-08 12:15:00+05:30,202.60000610351562,203.0500030517578,202.25,202.39999389648438,193798,0.0,0
2019-11-08 13:15:00+05:30,202.4499969482422,203.0500030517578,201.39999389648438,202.10000610351562,435317,0.0,0
2019-11-08 14:15:00+05:30,202.3000030517578,202.60000610351562,201.8000030517578,202.5,1068133,0.0,0
2019-11-08 15:15:00+05:30,202.60000610351562,202.60000610351562,200.0,202.25,1657365,0.0,0
2019-11-11 09:15:00+05:30,200.0,201.39999389648438,199.60000610351562,200.8000030517578,0,0.0,0
2019-11-11 10:15:00+05:30,200.89999389648438,201.9499969482422,200.25,201.5500030517578,153182,0.0,0
2019-11-11 11:15:00+05:30,201.75,201.8000030517578,199.60000610351562,199.75,399434,0.0,0
2019-11-11 12:15:00+05:30,200.10000610351562,200.4499969482422,199.60000610351562,200.0500030517578,495984,0.0,0
2019-11-11 13:15:00+05:30,200.1999969482422,200.25,198.89999389648438,199.89999389648438,542465,0.0,0
2019-11-11 14:15:00+05:30,199.10000610351562,200.5,198.89999389648438,200.14999389648438,387664,0.0,0
2019-11-11 15:15:00+05:30,200.1999969482422,200.5500030517578,199.8000030517578,200.14999389648438,364485,0.0,0
2019-11-13 09:15:00+05:30,200.14999389648438,202.14999389648438,199.75,201.0,0,0.0,0
2019-11-13 10:15:00+05:30,202.0500030517578,202.0500030517578,199.0,199.35000610351562,297753,0.0,0
2019-11-13 11:15:00+05:30,199.1999969482422,199.89999389648438,197.60000610351562,198.1999969482422,468114,0.0,0
2019-11-13 12:15:00+05:30,198.0,198.39999389648438,197.60000610351562,197.64999389648438,183491,0.0,0
2019-11-13 13:15:00+05:30,198.25,198.39999389648438,196.5500030517578,197.10000610351562,336216,0.0,0
2019-11-13 14:15:00+05:30,197.0,197.64999389648438,194.85000610351562,195.1999969482422,1024315,0.0,0
2019-11-13 15:15:00+05:30,195.25,195.5500030517578,194.5500030517578,195.25,1899368,0.0,0
2019-11-14 09:15:00+05:30,195.10000610351562,196.8000030517578,193.0,196.10000610351562,0,0.0,0
2019-11-14 10:15:00+05:30,195.8000030517578,198.4499969482422,195.5500030517578,197.60000610351562,685301,0.0,0
2019-11-14 11:15:00+05:30,197.3000030517578,198.60000610351562,196.0,196.3000030517578,981922,0.0,0
2019-11-14 12:15:00+05:30,196.14999389648438,196.8000030517578,195.10000610351562,196.0,641051,0.0,0
2019-11-14 13:15:00+05:30,195.9499969482422,198.39999389648438,195.14999389648438,198.14999389648438,907205,0.0,0
2019-11-14 14:15:00+05:30,197.6999969482422,200.85000610351562,197.35000610351562,200.5500030517578,3397774,0.0,0
2019-11-14 15:15:00+05:30,200.5500030517578,200.85000610351562,200.5,200.5500030517578,1054458,0.0,0
2019-11-15 09:15:00+05:30,199.85000610351562,201.9499969482422,199.64999389648438,201.89999389648438,0,0.0,0
2019-11-15 10:15:00+05:30,201.0,202.25,199.0500030517578,199.5500030517578,565481,0.0,0
2019-11-15 11:15:00+05:30,199.3000030517578,200.85000610351562,199.0,200.5,296037,0.0,0
2019-11-15 12:15:00+05:30,200.39999389648438,200.8000030517578,199.39999389648438,200.5,288088,0.0,0
2019-11-15 13:15:00+05:30,199.64999389648438,202.0500030517578,199.60000610351562,201.5500030517578,608678,0.0,0
2019-11-15 14:15:00+05:30,201.5500030517578,202.10000610351562,200.64999389648438,201.0500030517578,604947,0.0,0
2019-11-15 15:15:00+05:30,201.0500030517578,201.75,200.6999969482422,201.75,306883,0.0,0
2019-11-18 09:15:00+05:30,202.0,202.64999389648438,201.0500030517578,201.64999389648438,0,0.0,0
2019-11-18 10:15:00+05:30,201.4499969482422,204.14999389648438,201.0500030517578,203.3000030517578,368340,0.0,0
2019-11-18 11:15:00+05:30,203.35000610351562,203.6999969482422,200.3000030517578,200.6999969482422,593745,0.0,0
2019-11-18 12:15:00+05:30,201.3000030517578,202.0,200.3000030517578,201.5,420382,0.0,0
2019-11-18 13:15:00+05:30,201.3000030517578,201.9499969482422,200.9499969482422,201.75,277189,0.0,0
2019-11-18 14:15:00+05:30,201.35000610351562,202.10000610351562,200.75,201.3000030517578,340531,0.0,0
2019-11-18 15:15:00+05:30,201.3000030517578,201.75,200.75,201.1999969482422,481218,0.0,0
2019-11-19 09:15:00+05:30,201.5500030517578,201.85000610351562,200.0,200.6999969482422,0,0.0,0
2019-11-19 10:15:00+05:30,201.10000610351562,201.5,200.35000610351562,200.5,110098,0.0,0
2019-11-19 11:15:00+05:30,200.89999389648438,201.3000030517578,199.64999389648438,201.0500030517578,425393,0.0,0
2019-11-19 12:15:00+05:30,200.89999389648438,201.3000030517578,198.6999969482422,199.35000610351562,1368651,0.0,0
2019-11-19 13:15:00+05:30,199.10000610351562,200.35000610351562,198.6999969482422,199.0500030517578,362179,0.0,0
2019-11-19 14:15:00+05:30,199.8000030517578,201.3000030517578,198.89999389648438,201.3000030517578,1104133,0.0,0
2019-11-19 15:15:00+05:30,201.4499969482422,202.4499969482422,200.35000610351562,201.39999389648438,843561,0.0,0
2019-11-20 09:15:00+05:30,201.75,203.0,201.5,202.3000030517578,0,0.0,0
2019-11-20 10:15:00+05:30,202.10000610351562,202.4499969482422,201.3000030517578,201.35000610351562,1490634,0.0,0
2019-11-20 11:15:00+05:30,202.14999389648438,202.14999389648438,201.0500030517578,201.39999389648438,233361,0.0,0
2019-11-20 12:15:00+05:30,201.35000610351562,202.0,201.0,201.60000610351562,243141,0.0,0
2019-11-20 13:15:00+05:30,201.35000610351562,202.10000610351562,201.3000030517578,201.5,319325,0.0,0
2019-11-20 14:15:00+05:30,201.6999969482422,201.8000030517578,201.1999969482422,201.64999389648438,352328,0.0,0
2019-11-20 15:15:00+05:30,201.64999389648438,201.75,201.39999389648438,201.60000610351562,0,0.0,0
2019-11-21 09:15:00+05:30,201.60000610351562,202.1999969482422,200.3000030517578,201.0,0,0.0,0
2019-11-21 10:15:00+05:30,201.39999389648438,201.64999389648438,200.60000610351562,201.0,276806,0.0,0
2019-11-21 11:15:00+05:30,200.89999389648438,201.64999389648438,200.64999389648438,200.8000030517578,254729,0.0,0
2019-11-21 12:15:00+05:30,200.85000610351562,201.14999389648438,200.5500030517578,200.89999389648438,253541,0.0,0
2019-11-21 13:15:00+05:30,200.64999389648438,201.1999969482422,200.5500030517578,200.9499969482422,200170,0.0,0
2019-11-21 14:15:00+05:30,201.0500030517578,201.35000610351562,200.75,201.14999389648438,506085,0.0,0
2019-11-21 15:15:00+05:30,201.10000610351562,201.35000610351562,200.8000030517578,201.0500030517578,337094,0.0,0
2019-11-22 09:15:00+05:30,200.5,202.1999969482422,199.85000610351562,200.1999969482422,0,0.0,0
2019-11-22 10:15:00+05:30,200.10000610351562,200.6999969482422,199.35000610351562,200.0500030517578,545995,0.0,0
2019-11-22 11:15:00+05:30,199.9499969482422,200.3000030517578,199.25,199.35000610351562,926676,0.0,0
2019-11-22 12:15:00+05:30,199.64999389648438,199.9499969482422,198.5,199.0500030517578,2991404,0.0,0
2019-11-22 13:15:00+05:30,198.89999389648438,199.35000610351562,198.10000610351562,199.0,1563525,0.0,0
2019-11-22 14:15:00+05:30,199.0,201.3000030517578,198.89999389648438,201.1999969482422,1142661,0.0,0
2019-11-22 15:15:00+05:30,201.1999969482422,201.35000610351562,199.4499969482422,200.8000030517578,1083889,0.0,0
2019-11-25 09:15:00+05:30,200.89999389648438,201.14999389648438,198.0,199.14999389648438,0,0.0,0
2019-11-25 10:15:00+05:30,198.4499969482422,199.85000610351562,198.39999389648438,199.3000030517578,122232,0.0,0
2019-11-25 11:15:00+05:30,199.25,199.9499969482422,199.0500030517578,199.3000030517578,192597,0.0,0
2019-11-25 12:15:00+05:30,199.39999389648438,199.8000030517578,199.0,199.60000610351562,207024,0.0,0
2019-11-25 13:15:00+05:30,199.3000030517578,200.4499969482422,199.1999969482422,200.25,382440,0.0,0
2019-11-25 14:15:00+05:30,200.0,200.89999389648438,199.9499969482422,200.85000610351562,458384,0.0,0
2019-11-25 15:15:00+05:30,200.85000610351562,200.89999389648438,200.14999389648438,200.6999969482422,509292,0.0,0
2019-11-26 09:15:00+05:30,201.1999969482422,203.0,200.3000030517578,202.89999389648438,0,0.0,0
2019-11-26 10:15:00+05:30,201.60000610351562,203.0,201.0,201.75,267190,0.0,0
2019-11-26 11:15:00+05:30,201.1999969482422,202.1999969482422,201.0,201.3000030517578,314041,0.0,0
2019-11-26 12:15:00+05:30,201.1999969482422,202.0,201.0500030517578,201.60000610351562,349516,0.0,0
2019-11-26 13:15:00+05:30,201.39999389648438,201.89999389648438,201.3000030517578,201.60000610351562,388616,0.0,0
2019-11-26 14:15:00+05:30,201.60000610351562,202.10000610351562,200.0500030517578,200.3000030517578,2236805,0.0,0
2019-11-26 15:15:00+05:30,200.25,202.0,198.35000610351562,200.3000030517578,2817391,0.0,0
2019-11-27 09:15:00+05:30,200.35000610351562,204.0,200.0500030517578,204.0,0,0.0,0
2019-11-27 10:15:00+05:30,202.0,205.1999969482422,201.85000610351562,204.1999969482422,672192,0.0,0
2019-11-27 11:15:00+05:30,204.60000610351562,205.14999389648438,203.5,204.6999969482422,699281,0.0,0
2019-11-27 12:15:00+05:30,204.60000610351562,205.14999389648438,203.25,203.9499969482422,611968,0.0,0
2019-11-27 13:15:00+05:30,203.6999969482422,204.25,202.1999969482422,203.10000610351562,804651,0.0,0
2019-11-27 14:15:00+05:30,203.0,204.1999969482422,202.89999389648438,203.89999389648438,625538,0.0,0
2019-11-27 15:15:00+05:30,203.85000610351562,204.1999969482422,203.0,203.6999969482422,492541,0.0,0
2019-11-28 09:15:00+05:30,204.0500030517578,206.14999389648438,203.3000030517578,205.5,0,0.0,0
2019-11-28 10:15:00+05:30,205.60000610351562,205.64999389648438,203.75,203.89999389648438,188486,0.0,0
2019-11-28 11:15:00+05:30,204.5,204.8000030517578,203.75,204.3000030517578,986700,0.0,0
2019-11-28 12:15:00+05:30,204.3000030517578,205.0500030517578,203.89999389648438,204.64999389648438,2463459,0.0,0
2019-11-28 13:15:00+05:30,204.3000030517578,204.89999389648438,203.89999389648438,204.60000610351562,200481,0.0,0
2019-11-28 14:15:00+05:30,204.0500030517578,205.25,203.89999389648438,205.10000610351562,373468,0.0,0
2019-11-28 15:15:00+05:30,205.10000610351562,205.6999969482422,203.9499969482422,204.9499969482422,591572,0.0,0
2019-11-29 09:15:00+05:30,206.14999389648438,208.0500030517578,205.60000610351562,207.25,0,0.0,0
2019-11-29 10:15:00+05:30,206.85000610351562,207.5500030517578,205.10000610351562,205.3000030517578,346383,0.0,0
2019-11-29 11:15:00+05:30,206.10000610351562,206.14999389648438,204.75,205.9499969482422,1063825,0.0,0
2019-11-29 12:15:00+05:30,205.3000030517578,206.64999389648438,205.1999969482422,205.89999389648438,834609,0.0,0
2019-11-29 13:15:00+05:30,205.6999969482422,206.0500030517578,204.75,205.1999969482422,223779,0.0,0
2019-11-29 14:15:00+05:30,205.3000030517578,205.9499969482422,204.60000610351562,204.6999969482422,359467,0.0,0
2019-11-29 15:15:00+05:30,204.75,205.8000030517578,203.89999389648438,204.64999389648438,578266,0.0,0
2019-12-02 09:15:00+05:30,205.5,206.89999389648438,204.64999389648438,206.85000610351562,0,0.0,0
2019-12-02 10:15:00+05:30,206.64999389648438,206.9499969482422,206.1999969482422,206.64999389648438,472989,0.0,0
2019-12-02 11:15:00+05:30,206.75,208.39999389648438,206.39999389648438,208.0500030517578,1093912,0.0,0
2019-12-02 12:15:00+05:30,207.89999389648438,208.35000610351562,207.35000610351562,208.0500030517578,670357,0.0,0
2019-12-02 13:15:00+05:30,208.0500030517578,209.39999389648438,207.9499969482422,209.35000610351562,1183691,0.0,0
2019-12-02 14:15:00+05:30,208.75,209.60000610351562,208.0,209.0500030517578,1348894,0.0,0
2019-12-02 15:15:00+05:30,209.10000610351562,210.8000030517578,209.0,209.85000610351562,1140007,0.0,0
2019-12-03 09:15:00+05:30,210.4499969482422,210.64999389648438,206.64999389648438,206.8000030517578,0,0.0,0
2019-12-03 10:15:00+05:30,207.14999389648438,207.14999389648438,205.35000610351562,205.60000610351562,373191,0.0,0
2019-12-03 11:15:00+05:30,205.9499969482422,206.39999389648438,205.0500030517578,205.4499969482422,536115,0.0,0
2019-12-03 12:15:00+05:30,206.10000610351562,206.10000610351562,204.1999969482422,204.5,597514,0.0,0
2019-12-03 13:15:00+05:30,204.75,205.4499969482422,203.1999969482422,203.4499969482422,558100,0.0,0
2019-12-03 14:15:00+05:30,204.75,204.75,201.64999389648438,201.89999389648438,1582254,0.0,0
2019-12-03 15:15:00+05:30,201.89999389648438,203.0,201.5,202.3000030517578,378934,0.0,0
2019-12-04 09:15:00+05:30,201.14999389648438,203.85000610351562,200.8000030517578,203.14999389648438,0,0.0,0
2019-12-04 10:15:00+05:30,203.3000030517578,204.75,202.85000610351562,203.39999389648438,300239,0.0,0
2019-12-04 11:15:00+05:30,203.8000030517578,204.1999969482422,202.85000610351562,203.75,287617,0.0,0
2019-12-04 12:15:00+05:30,203.75,204.4499969482422,203.35000610351562,203.89999389648438,1335773,0.0,0
2019-12-04 13:15:00+05:30,203.5500030517578,204.64999389648438,203.35000610351562,203.89999389648438,4897389,0.0,0
2019-12-04 14:15:00+05:30,204.5500030517578,206.0,203.6999969482422,205.60000610351562,834909,0.0,0
2019-12-04 15:15:00+05:30,205.60000610351562,205.85000610351562,205.0,205.4499969482422,404884,0.0,0
2019-12-05 09:15:00+05:30,204.6999969482422,206.35000610351562,204.5500030517578,204.85000610351562,0,0.0,0
2019-12-05 10:15:00+05:30,204.6999969482422,205.25,203.5500030517578,203.60000610351562,99920,0.0,0
2019-12-05 11:15:00+05:30,204.0500030517578,204.25,202.14999389648438,203.25,1181677,0.0,0
2019-12-05 12:15:00+05:30,202.9499969482422,203.6999969482422,202.5,202.64999389648438,1081526,0.0,0
2019-12-05 13:15:00+05:30,203.3000030517578,203.4499969482422,201.0,201.35000610351562,582307,0.0,0
2019-12-05 14:15:00+05:30,201.75,202.0,200.89999389648438,201.25,923707,0.0,0
2019-12-05 15:15:00+05:30,201.25,201.9499969482422,200.9499969482422,201.0500030517578,232098,0.0,0
2019-12-06 09:15:00+05:30,202.0,203.0,201.0,201.1999969482422,0,0.0,0
2019-12-06 10:15:00+05:30,201.8000030517578,201.9499969482422,200.25,200.60000610351562,110152,0.0,0
2019-12-06 11:15:00+05:30,200.5500030517578,201.0,199.6999969482422,200.35000610351562,340581,0.0,0
2019-12-06 12:15:00+05:30,200.60000610351562,201.0,200.35000610351562,200.89999389648438,378612,0.0,0
2019-12-06 13:15:00+05:30,200.89999389648438,201.0,200.0,200.10000610351562,212693,0.0,0
2019-12-06 14:15:00+05:30,200.35000610351562,201.0,199.35000610351562,200.85000610351562,679954,0.0,0
2019-12-06 15:15:00+05:30,200.85000610351562,201.0,200.5,200.89999389648438,493012,0.0,0
2019-12-09 09:15:00+05:30,200.89999389648438,201.25,198.39999389648438,199.85000610351562,0,0.0,0
2019-12-09 10:15:00+05:30,199.35000610351562,201.75,198.64999389648438,200.5500030517578,243868,0.0,0
2019-12-09 11:15:00+05:30,200.0500030517578,201.75,199.89999389648438,200.5,439859,0.0,0
2019-12-09 12:15:00+05:30,200.25,201.3000030517578,199.89999389648438,200.0500030517578,1594840,0.0,0
2019-12-09 13:15:00+05:30,200.5,200.5,199.75,199.85000610351562,236482,0.0,0
2019-12-09 14:15:00+05:30,200.0,200.35000610351562,199.0,199.35000610351562,350100,0.0,0
2019-12-09 15:15:00+05:30,199.39999389648438,200.25,199.10000610351562,199.6999969482422,393379,0.0,0
2019-12-10 09:15:00+05:30,199.89999389648438,200.35000610351562,197.75,198.3000030517578,0,0.0,0
2019-12-10 10:15:00+05:30,198.39999389648438,198.75,197.35000610351562,197.6999969482422,122924,0.0,0
2019-12-10 11:15:00+05:30,198.0,198.1999969482422,196.14999389648438,196.3000030517578,448197,0.0,0
2019-12-10 12:15:00+05:30,196.64999389648438,196.64999389648438,196.0500030517578,196.35000610351562,452411,0.0,0
2019-12-10 13:15:00+05:30,196.5,196.5,196.0500030517578,196.4499969482422,338994,0.0,0
2019-12-10 14:15:00+05:30,196.5,196.5,195.3000030517578,196.25,710900,0.0,0
2019-12-10 15:15:00+05:30,196.25,196.35000610351562,195.4499969482422,195.85000610351562,633719,0.0,0
2019-12-11 09:15:00+05:30,196.14999389648438,197.25,194.4499969482422,196.1999969482422,0,0.0,0
2019-12-11 10:15:00+05:30,195.10000610351562,196.35000610351562,193.85000610351562,194.0,256054,0.0,0
2019-12-11 11:15:00+05:30,194.1999969482422,194.60000610351562,191.4499969482422,191.75,1176791,0.0,0
2019-12-11 12:15:00+05:30,191.9499969482422,192.35000610351562,190.25,190.89999389648438,1220293,0.0,0
2019-12-11 13:15:00+05:30,191.0,192.60000610351562,190.25,192.60000610351562,3118484,0.0,0
2019-12-11 14:15:00+05:30,192.39999389648438,192.60000610351562,190.75,191.6999969482422,919807,0.0,0
2019-12-11 15:15:00+05:30,191.64999389648438,192.0,191.0,191.5,982578,0.0,0
2019-12-12 09:15:00+05:30,192.89999389648438,193.75,192.10000610351562,192.8000030517578,0,0.0,0
2019-12-12 10:15:00+05:30,192.75,192.8000030517578,191.5,192.0,128344,0.0,0
2019-12-12 11:15:00+05:30,191.89999389648438,193.89999389648438,191.0500030517578,193.60000610351562,511330,0.0,0
2019-12-12 12:15:00+05:30,193.35000610351562,193.89999389648438,192.5,193.0,438400,0.0,0
2019-12-12 13:15:00+05:30,193.0,193.3000030517578,192.0500030517578,192.85000610351562,206134,0.0,0
2019-12-12 14:15:00+05:30,192.6999969482422,194.1999969482422,192.0500030517578,193.10000610351562,756595,0.0,0
2019-12-12 15:15:00+05:30,193.0,193.5,192.8000030517578,193.5,148250,0.0,0
2019-12-13 09:15:00+05:30,194.60000610351562,195.6999969482422,193.64999389648438,195.60000610351562,0,0.0,0
2019-12-13 10:15:00+05:30,194.39999389648438,195.9499969482422,194.14999389648438,195.0500030517578,181309,0.0,0
2019-12-13 11:15:00+05:30,195.0,198.35000610351562,194.8000030517578,198.3000030517578,1093673,0.0,0
2019-12-13 12:15:00+05:30,197.14999389648438,199.35000610351562,196.8000030517578,198.39999389648438,1003819,0.0,0
2019-12-13 13:15:00+05:30,198.1999969482422,199.35000610351562,197.39999389648438,197.85000610351562,800364,0.0,0
2019-12-13 14:15:00+05:30,198.1999969482422,198.8000030517578,197.35000610351562,197.60000610351562,498577,0.0,0
2019-12-13 15:15:00+05:30,197.60000610351562,198.5,197.39999389648438,197.89999389648438,577371,0.0,0
2019-12-16 09:15:00+05:30,198.0,198.85000610351562,196.6999969482422,196.8000030517578,0,0.0,0
2019-12-16 10:15:00+05:30,197.5,197.5500030517578,195.6999969482422,195.85000610351562,133142,0.0,0
2019-12-16 11:15:00+05:30,196.25,196.39999389648438,194.75,194.8000030517578,654119,0.0,0
2019-12-16 12:15:00+05:30,195.1999969482422,195.3000030517578,193.8000030517578,195.14999389648438,489284,0.0,0
2019-12-16 13:15:00+05:30,194.89999389648438,195.75,194.75,195.10000610351562,254671,0.0,0
2019-12-16 14:15:00+05:30,195.35000610351562,195.5,194.0500030517578,194.3000030517578,351115,0.0,0
2019-12-16 15:15:00+05:30,194.35000610351562,194.6999969482422,194.10000610351562,194.5500030517578,183869,0.0,0
2019-12-17 09:15:00+05:30,195.14999389648438,196.35000610351562,194.1999969482422,195.89999389648438,0,0.0,0
2019-12-17 10:15:00+05:30,195.8000030517578,196.8000030517578,195.6999969482422,196.25,150348,0.0,0
2019-12-17 11:15:00+05:30,196.3000030517578,197.39999389648438,195.8000030517578,197.1999969482422,185291,0.0,0
2019-12-17 12:15:00+05:30,196.5,197.64999389648438,196.4499969482422,197.3000030517578,319596,0.0,0
2019-12-17 13:15:00+05:30,197.35000610351562,197.6999969482422,196.89999389648438,197.5500030517578,156864,0.0,0
2019-12-17 14:15:00+05:30,197.64999389648438,198.89999389648438,196.89999389648438,198.4499969482422,465162,0.0,0
2019-12-17 15:15:00+05:30,198.39999389648438,199.1999969482422,198.0500030517578,199.0,247933,0.0,0
2019-12-18 09:15:00+05:30,198.89999389648438,199.8000030517578,197.60000610351562,199.14999389648438,0,0.0,0
2019-12-18 10:15:00+05:30,199.4499969482422,199.5,198.75,199.14999389648438,500935,0.0,0
2019-12-18 11:15:00+05:30,199.10000610351562,199.4499969482422,198.8000030517578,199.1999969482422,298831,0.0,0
2019-12-18 12:15:00+05:30,199.0,199.4499969482422,196.1999969482422,196.35000610351562,554881,0.0,0
2019-12-18 13:15:00+05:30,198.1999969482422,198.1999969482422,194.25,195.0500030517578,1104259,0.0,0
2019-12-18 14:15:00+05:30,194.64999389648438,196.85000610351562,194.5500030517578,196.60000610351562,684943,0.0,0
2019-12-18 15:15:00+05:30,196.5500030517578,196.9499969482422,196.14999389648438,196.5500030517578,412830,0.0,0
2019-12-19 09:15:00+05:30,196.1999969482422,197.9499969482422,195.6999969482422,197.8000030517578,0,0.0,0
2019-12-19 10:15:00+05:30,196.10000610351562,197.9499969482422,196.10000610351562,197.75,163265,0.0,0
2019-12-19 11:15:00+05:30,197.4499969482422,198.25,197.39999389648438,197.85000610351562,218211,0.0,0
2019-12-19 12:15:00+05:30,197.60000610351562,198.1999969482422,197.0500030517578,197.1999969482422,276294,0.0,0
2019-12-19 13:15:00+05:30,197.25,197.6999969482422,197.0500030517578,197.35000610351562,159635,0.0,0
2019-12-19 14:15:00+05:30,197.10000610351562,197.75,196.64999389648438,197.0,216062,0.0,0
2019-12-19 15:15:00+05:30,197.0500030517578,197.39999389648438,196.3000030517578,197.0,259400,0.0,0
2019-12-20 09:15:00+05:30,196.89999389648438,196.89999389648438,194.3000030517578,194.6999969482422,0,0.0,0
2019-12-20 10:15:00+05:30,194.85000610351562,194.85000610351562,193.10000610351562,194.10000610351562,1015559,0.0,0
2019-12-20 11:15:00+05:30,193.64999389648438,195.14999389648438,193.60000610351562,194.60000610351562,1443544,0.0,0
2019-12-20 12:15:00+05:30,194.39999389648438,195.1999969482422,193.9499969482422,194.0,1138104,0.0,0
2019-12-20 13:15:00+05:30,194.14999389648438,194.5,193.5500030517578,194.5,896690,0.0,0
2019-12-20 14:15:00+05:30,193.6999969482422,194.89999389648438,193.5500030517578,194.5,1628632,0.0,0
2019-12-20 15:15:00+05:30,194.5500030517578,194.8000030517578,193.85000610351562,194.4499969482422,2372112,0.0,0
2019-12-23 09:15:00+05:30,194.0,196.0,194.0,195.60000610351562,0,0.0,0
2019-12-23 10:15:00+05:30,195.64999389648438,196.5,195.39999389648438,196.0500030517578,168289,0.0,0
2019-12-23 11:15:00+05:30,195.85000610351562,197.25,195.64999389648438,197.0,776780,0.0,0
2019-12-23 12:15:00+05:30,197.14999389648438,197.4499969482422,197.0,197.1999969482422,216143,0.0,0
2019-12-23 13:15:00+05:30,197.1999969482422,197.25,196.6999969482422,196.9499969482422,1016721,0.0,0
2019-12-23 14:15:00+05:30,196.85000610351562,197.89999389648438,196.5,197.60000610351562,1110762,0.0,0
2019-12-23 15:15:00+05:30,197.60000610351562,198.5500030517578,196.89999389648438,197.75,700880,0.0,0
2019-12-24 09:15:00+05:30,198.10000610351562,198.60000610351562,196.1999969482422,196.3000030517578,0,0.0,0
2019-12-24 10:15:00+05:30,196.5,196.6999969482422,195.25,196.10000610351562,191306,0.0,0
2019-12-24 11:15:00+05:30,195.35000610351562,197.0,195.35000610351562,196.39999389648438,216284,0.0,0
2019-12-24 12:15:00+05:30,196.3000030517578,197.39999389648438,196.10000610351562,197.10000610351562,205606,0.0,0
2019-12-24 13:15:00+05:30,197.10000610351562,197.39999389648438,196.0500030517578,196.39999389648438,142211,0.0,0
2019-12-24 14:15:00+05:30,196.64999389648438,197.0500030517578,196.0500030517578,196.8000030517578,185077,0.0,0
2019-12-24 15:15:00+05:30,196.85000610351562,197.0500030517578,195.85000610351562,196.5500030517578,324068,0.0,0
2019-12-26 09:15:00+05:30,196.60000610351562,197.3000030517578,195.6999969482422,196.5500030517578,0,0.0,0
2019-12-26 10:15:00+05:30,196.39999389648438,196.75,195.9499969482422,196.25,69436,0.0,0
2019-12-26 11:15:00+05:30,196.1999969482422,196.5,195.6999969482422,195.8000030517578,173474,0.0,0
2019-12-26 12:15:00+05:30,196.0,196.0500030517578,195.14999389648438,195.25,339473,0.0,0
2019-12-26 13:15:00+05:30,195.4499969482422,195.5,194.5,194.5,261234,0.0,0
2019-12-26 14:15:00+05:30,194.89999389648438,195.0,193.60000610351562,194.14999389648438,499593,0.0,0
2019-12-26 15:15:00+05:30,194.14999389648438,194.64999389648438,193.60000610351562,194.10000610351562,373778,0.0,0
2019-12-27 09:15:00+05:30,195.1999969482422,195.64999389648438,194.64999389648438,195.25,0,0.0,0
2019-12-27 10:15:00+05:30,195.10000610351562,195.6999969482422,194.75,195.0,158549,0.0,0
2019-12-27 11:15:00+05:30,195.1999969482422,195.4499969482422,194.3000030517578,195.35000610351562,1219535,0.0,0
2019-12-27 12:15:00+05:30,194.3000030517578,195.4499969482422,194.25,194.25,1050537,0.0,0
2019-12-27 13:15:00+05:30,194.39999389648438,194.5500030517578,194.25,194.35000610351562,246379,0.0,0
2019-12-27 14:15:00+05:30,194.3000030517578,194.8000030517578,194.14999389648438,194.60000610351562,1453048,0.0,0
2019-12-27 15:15:00+05:30,194.64999389648438,195.8000030517578,194.25,194.89999389648438,1187785,0.0,0
2019-12-30 09:15:00+05:30,194.75,196.5,194.75,196.25,0,0.0,0
2019-12-30 10:15:00+05:30,196.0500030517578,197.39999389648438,195.60000610351562,195.8000030517578,632562,0.0,0
2019-12-30 11:15:00+05:30,195.89999389648438,195.89999389648438,193.60000610351562,194.9499969482422,710926,0.0,0
2019-12-30 12:15:00+05:30,195.0,195.60000610351562,194.85000610351562,195.3000030517578,274744,0.0,0
2019-12-30 13:15:00+05:30,195.0500030517578,195.6999969482422,195.0,195.5500030517578,224994,0.0,0
2019-12-30 14:15:00+05:30,195.5500030517578,196.3000030517578,195.3000030517578,195.60000610351562,1277958,0.0,0
2019-12-30 15:15:00+05:30,195.89999389648438,195.9499969482422,195.35000610351562,195.75,243211,0.0,0
2019-12-31 09:15:00+05:30,195.6999969482422,196.9499969482422,195.64999389648438,196.0,0,0.0,0
2019-12-31 10:15:00+05:30,196.1999969482422,196.35000610351562,194.75,195.35000610351562,124550,0.0,0
2019-12-31 11:15:00+05:30,195.10000610351562,195.9499969482422,194.75,195.60000610351562,187163,0.0,0
2019-12-31 12:15:00+05:30,195.60000610351562,196.25,195.35000610351562,195.9499969482422,149088,0.0,0
2019-12-31 13:15:00+05:30,195.9499969482422,198.25,195.6999969482422,197.39999389648438,1342479,0.0,0
2019-12-31 14:15:00+05:30,197.6999969482422,197.89999389648438,196.3000030517578,196.4499969482422,823046,0.0,0
2019-12-31 15:15:00+05:30,196.4499969482422,197.0,195.75,196.25,832334,0.0,0
2020-01-01 09:15:00+05:30,197.1999969482422,197.75,196.9499969482422,197.25,0,0.0,0
2020-01-01 10:15:00+05:30,197.5500030517578,197.64999389648438,196.5,196.6999969482422,137074,0.0,0
2020-01-01 11:15:00+05:30,196.64999389648438,197.4499969482422,196.25,196.75,643063,0.0,0
2020-01-01 12:15:00+05:30,197.10000610351562,197.1999969482422,195.85000610351562,196.1999969482422,434053,0.0,0
2020-01-01 13:15:00+05:30,196.3000030517578,197.39999389648438,196.10000610351562,196.60000610351562,532781,0.0,0
2020-01-01 14:15:00+05:30,197.3000030517578,197.39999389648438,196.39999389648438,197.0,355773,0.0,0
2020-01-01 15:15:00+05:30,196.9499969482422,197.1999969482422,196.64999389648438,197.0,399477,0.0,0
2020-01-02 09:15:00+05:30,197.35000610351562,204.3000030517578,197.35000610351562,204.10000610351562,722122,0.0,0
2020-01-02 10:15:00+05:30,203.6999969482422,205.4499969482422,203.5,204.5,1536098,0.0,0
2020-01-02 11:15:00+05:30,205.35000610351562,205.39999389648438,203.8000030517578,204.0500030517578,1271602,0.0,0
2020-01-02 12:15:00+05:30,204.3000030517578,204.5,203.5500030517578,204.3000030517578,1092420,0.0,0
2020-01-02 13:15:00+05:30,204.10000610351562,206.35000610351562,204.0500030517578,206.0,3061234,0.0,0
2020-01-02 14:15:00+05:30,206.0,206.39999389648438,205.0,205.3000030517578,3160758,0.0,0
2020-01-02 15:15:00+05:30,205.3000030517578,205.85000610351562,205.0,205.35000610351562,1439604,0.0,0
2020-01-03 09:15:00+05:30,204.9499969482422,205.39999389648438,203.5,204.60000610351562,0,0.0,0
2020-01-03 10:15:00+05:30,204.3000030517578,205.8000030517578,204.3000030517578,204.60000610351562,221788,0.0,0
2020-01-03 11:15:00+05:30,204.8000030517578,204.85000610351562,203.0500030517578,203.1999969482422,438531,0.0,0
2020-01-03 12:15:00+05:30,203.6999969482422,204.14999389648438,203.0,203.64999389648438,356552,0.0,0
2020-01-03 13:15:00+05:30,203.60000610351562,203.8000030517578,202.5,202.5500030517578,245997,0.0,0
2020-01-03 14:15:00+05:30,203.14999389648438,203.8000030517578,202.25,203.64999389648438,1102604,0.0,0
2020-01-03 15:15:00+05:30,203.60000610351562,204.0,202.85000610351562,203.39999389648438,566630,0.0,0
2020-01-06 09:15:00+05:30,202.5,202.5,199.25,200.3000030517578,0,0.0,0
2020-01-06 10:15:00+05:30,200.0,200.6999969482422,199.35000610351562,199.60000610351562,174524,0.0,0
2020-01-06 11:15:00+05:30,200.14999389648438,200.3000030517578,197.4499969482422,197.85000610351562,516857,0.0,0
2020-01-06 12:15:00+05:30,198.60000610351562,198.89999389648438,196.8000030517578,197.14999389648438,559541,0.0,0
2020-01-06 13:15:00+05:30,197.0500030517578,198.6999969482422,196.9499969482422,197.4499969482422,523185,0.0,0
2020-01-06 14:15:00+05:30,197.60000610351562,197.85000610351562,196.35000610351562,196.6999969482422,737154,0.0,0
2020-01-06 15:15:00+05:30,196.8000030517578,197.35000610351562,196.35000610351562,196.89999389648438,548343,0.0,0
2020-01-07 09:15:00+05:30,198.5,202.4499969482422,198.5,199.8000030517578,0,0.0,0
2020-01-07 10:15:00+05:30,199.85000610351562,200.1999969482422,197.75,197.89999389648438,186183,0.0,0
2020-01-07 11:15:00+05:30,198.60000610351562,198.64999389648438,196.8000030517578,197.5,533991,0.0,0
2020-01-07 12:15:00+05:30,197.60000610351562,198.0,196.6999969482422,197.3000030517578,665133,0.0,0
2020-01-07 13:15:00+05:30,197.60000610351562,199.1999969482422,196.6999969482422,198.9499969482422,696344,0.0,0
2020-01-07 14:15:00+05:30,197.75,201.35000610351562,197.6999969482422,199.14999389648438,3199353,0.0,0
2020-01-07 15:15:00+05:30,199.10000610351562,199.5,198.5500030517578,199.0,712381,0.0,0
2020-01-08 09:15:00+05:30,196.0,203.6999969482422,196.0,202.85000610351562,0,0.0,0
2020-01-08 10:15:00+05:30,201.60000610351562,204.60000610351562,200.6999969482422,201.85000610351562,1156898,0.0,0
2020-01-08 11:15:00+05:30,202.5500030517578,202.85000610351562,201.64999389648438,202.0,1061925,0.0,0
2020-01-08 12:15:00+05:30,202.14999389648438,203.8000030517578,201.64999389648438,202.9499969482422,897081,0.0,0
2020-01-08 13:15:00+05:30,202.85000610351562,203.8000030517578,201.8000030517578,201.85000610351562,922915,0.0,0
2020-01-08 14:15:00+05:30,201.89999389648438,202.3000030517578,199.85000610351562,201.75,1494195,0.0,0
2020-01-08 15:15:00+05:30,201.8000030517578,202.3000030517578,200.6999969482422,201.75,380820,0.0,0
2020-01-09 09:15:00+05:30,204.1999969482422,206.89999389648438,204.0,206.25,0,0.0,0
2020-01-09 10:15:00+05:30,206.1999969482422,206.89999389648438,205.5,205.8000030517578,338226,0.0,0
2020-01-09 11:15:00+05:30,205.75,206.5,205.5,206.35000610351562,1855981,0.0,0
2020-01-09 12:15:00+05:30,206.0500030517578,207.9499969482422,206.0,207.9499969482422,866281,0.0,0
2020-01-09 13:15:00+05:30,207.8000030517578,209.25,207.10000610351562,207.39999389648438,1914789,0.0,0
2020-01-09 14:15:00+05:30,207.5,208.0,206.60000610351562,207.9499969482422,1302316,0.0,0
2020-01-09 15:15:00+05:30,208.0,208.39999389648438,207.60000610351562,207.9499969482422,2022186,0.0,0
2020-01-10 09:15:00+05:30,209.0,211.89999389648438,206.89999389648438,211.60000610351562,0,0.0,0
2020-01-10 10:15:00+05:30,210.8000030517578,213.9499969482422,210.5,212.89999389648438,1022928,0.0,0
2020-01-10 11:15:00+05:30,213.10000610351562,213.1999969482422,211.89999389648438,212.10000610351562,1316911,0.0,0
2020-01-10 12:15:00+05:30,212.14999389648438,212.5,210.1999969482422,210.60000610351562,1113246,0.0,0
2020-01-10 13:15:00+05:30,211.39999389648438,211.5500030517578,210.1999969482422,210.89999389648438,1018705,0.0,0
2020-01-10 14:15:00+05:30,211.14999389648438,212.85000610351562,210.25,211.6999969482422,1410220,0.0,0
2020-01-10 15:15:00+05:30,211.64999389648438,212.3000030517578,210.8000030517578,211.75,708176,0.0,0
2020-01-13 09:15:00+05:30,212.75,214.5500030517578,211.35000610351562,213.89999389648438,0,0.0,0
2020-01-13 10:15:00+05:30,211.5500030517578,214.0,211.39999389648438,212.5,201064,0.0,0
2020-01-13 11:15:00+05:30,212.9499969482422,213.25,211.6999969482422,211.89999389648438,608755,0.0,0
2020-01-13 12:15:00+05:30,212.6999969482422,212.6999969482422,211.1999969482422,211.1999969482422,612452,0.0,0
2020-01-13 13:15:00+05:30,211.85000610351562,212.0,210.64999389648438,211.0,534182,0.0,0
2020-01-13 14:15:00+05:30,211.1999969482422,212.1999969482422,210.75,211.5500030517578,982991,0.0,0
2020-01-13 15:15:00+05:30,211.5,211.89999389648438,211.14999389648438,211.5,767632,0.0,0
2020-01-14 09:15:00+05:30,211.5500030517578,212.4499969482422,210.75,211.85000610351562,0,0.0,0
2020-01-14 10:15:00+05:30,211.75,212.39999389648438,211.3000030517578,211.6999969482422,917209,0.0,0
2020-01-14 11:15:00+05:30,211.5,211.9499969482422,211.39999389648438,211.6999969482422,324044,0.0,0
2020-01-14 12:15:00+05:30,211.75,212.0,210.60000610351562,210.64999389648438,515372,0.0,0
2020-01-14 13:15:00+05:30,211.75,211.75,208.8000030517578,209.3000030517578,747898,0.0,0
2020-01-14 14:15:00+05:30,209.3000030517578,210.5,208.8000030517578,209.1999969482422,1982418,0.0,0
2020-01-14 15:15:00+05:30,209.1999969482422,210.0500030517578,208.9499969482422,209.3000030517578,1048114,0.0,0
2020-01-15 09:15:00+05:30,208.89999389648438,208.89999389648438,206.8000030517578,207.85000610351562,0,0.0,0
2020-01-15 10:15:00+05:30,207.10000610351562,209.60000610351562,207.0,208.60000610351562,548834,0.0,0
2020-01-15 11:15:00+05:30,208.35000610351562,209.64999389648438,208.0500030517578,208.75,1013492,0.0,0
2020-01-15 12:15:00+05:30,208.60000610351562,209.8000030517578,208.0500030517578,208.89999389648438,501875,0.0,0
2020-01-15 13:15:00+05:30,209.0,209.8000030517578,208.60000610351562,209.0,754843,0.0,0
2020-01-15 14:15:00+05:30,208.8000030517578,212.5,208.64999389648438,211.89999389648438,1846134,0.0,0
2020-01-15 15:15:00+05:30,211.75,212.89999389648438,211.4499969482422,212.0500030517578,1095722,0.0,0
2020-01-16 09:15:00+05:30,213.5,214.39999389648438,212.10000610351562,212.10000610351562,0,0.0,0
2020-01-16 10:15:00+05:30,212.14999389648438,213.39999389648438,210.25,210.60000610351562,334733,0.0,0
2020-01-16 11:15:00+05:30,211.0,212.14999389648438,209.5500030517578,210.5,606438,0.0,0
2020-01-16 12:15:00+05:30,211.25,211.35000610351562,209.8000030517578,210.10000610351562,571460,0.0,0
2020-01-16 13:15:00+05:30,209.9499969482422,210.39999389648438,209.39999389648438,209.5500030517578,458711,0.0,0
2020-01-16 14:15:00+05:30,210.0,210.5500030517578,209.39999389648438,209.9499969482422,1745472,0.0,0
2020-01-16 15:15:00+05:30,209.85000610351562,210.3000030517578,209.10000610351562,209.75,1016184,0.0,0
2020-01-17 09:15:00+05:30,209.64999389648438,211.85000610351562,208.60000610351562,211.4499969482422,0,0.0,0
2020-01-17 10:15:00+05:30,211.0,212.35000610351562,210.5500030517578,211.25,207572,0.0,0
2020-01-17 11:15:00+05:30,212.0,212.0,209.6999969482422,210.5,402140,0.0,0
2020-01-17 12:15:00+05:30,210.3000030517578,211.1999969482422,210.0,210.5,1177672,0.0,0
2020-01-17 13:15:00+05:30,210.4499969482422,210.9499969482422,210.0500030517578,210.6999969482422,251879,0.0,0
2020-01-17 14:15:00+05:30,210.8000030517578,211.25,210.0500030517578,210.25,748551,0.0,0
2020-01-17 15:15:00+05:30,210.25,210.75,210.10000610351562,210.4499969482422,141038,0.0,0
2020-01-20 09:15:00+05:30,211.3000030517578,211.75,208.60000610351562,209.10000610351562,0,0.0,0
2020-01-20 10:15:00+05:30,209.14999389648438,209.5,208.0500030517578,209.39999389648438,152864,0.0,0
2020-01-20 11:15:00+05:30,209.0,209.89999389648438,208.60000610351562,208.8000030517578,893252,0.0,0
2020-01-20 12:15:00+05:30,208.9499969482422,209.1999969482422,207.9499969482422,208.10000610351562,269878,0.0,0
2020-01-20 13:15:00+05:30,208.14999389648438,208.5,207.5500030517578,207.64999389648438,368426,0.0,0
2020-01-20 14:15:00+05:30,208.0,208.10000610351562,206.89999389648438,206.9499969482422,531232,0.0,0
2020-01-20 15:15:00+05:30,207.0,207.39999389648438,206.8000030517578,207.35000610351562,240531,0.0,0
2020-01-21 09:15:00+05:30,206.39999389648438,209.89999389648438,205.6999969482422,209.60000610351562,0,0.0,0
2020-01-21 10:15:00+05:30,208.60000610351562,209.89999389648438,207.60000610351562,208.5500030517578,527885,0.0,0
2020-01-21 11:15:00+05:30,208.0,208.64999389648438,207.85000610351562,208.1999969482422,1043909,0.0,0
2020-01-21 12:15:00+05:30,208.4499969482422,208.4499969482422,207.75,208.10000610351562,634133,0.0,0
2020-01-21 13:15:00+05:30,208.25,208.25,207.5,207.75,182333,0.0,0
2020-01-21 14:15:00+05:30,208.10000610351562,209.1999969482422,207.1999969482422,207.5,1107788,0.0,0
2020-01-21 15:15:00+05:30,207.5,208.4499969482422,207.1999969482422,207.60000610351562,461697,0.0,0
2020-01-22 09:15:00+05:30,208.9499969482422,210.10000610351562,208.3000030517578,209.60000610351562,0,0.0,0
2020-01-22 10:15:00+05:30,209.4499969482422,212.14999389648438,208.8000030517578,211.14999389648438,1154042,0.0,0
2020-01-22 11:15:00+05:30,211.35000610351562,212.10000610351562,210.75,211.14999389648438,1673276,0.0,0
2020-01-22 12:15:00+05:30,211.5,211.5500030517578,210.3000030517578,210.5,1394252,0.0,0
2020-01-22 13:15:00+05:30,210.60000610351562,211.10000610351562,210.3000030517578,210.3000030517578,482097,0.0,0
2020-01-22 14:15:00+05:30,211.0500030517578,212.10000610351562,209.60000610351562,210.5500030517578,907640,0.0,0
2020-01-22 15:15:00+05:30,210.60000610351562,211.60000610351562,209.5500030517578,210.35000610351562,703564,0.0,0
2020-01-23 09:15:00+05:30,210.0,212.3000030517578,209.60000610351562,212.10000610351562,0,0.0,0
2020-01-23 10:15:00+05:30,211.39999389648438,213.10000610351562,211.10000610351562,211.35000610351562,598592,0.0,0
2020-01-23 11:15:00+05:30,211.5500030517578,211.89999389648438,210.5500030517578,211.14999389648438,634706,0.0,0
2020-01-23 12:15:00+05:30,211.5,212.6999969482422,210.75,212.39999389648438,2140103,0.0,0
2020-01-23 13:15:00+05:30,211.75,213.14999389648438,211.6999969482422,213.0,1707738,0.0,0
2020-01-23 14:15:00+05:30,212.5500030517578,214.9499969482422,212.39999389648438,213.64999389648438,1808694,0.0,0
2020-01-23 15:15:00+05:30,213.6999969482422,213.9499969482422,213.3000030517578,213.5,508428,0.0,0
2020-01-24 09:15:00+05:30,214.10000610351562,215.6999969482422,212.60000610351562,215.14999389648438,0,0.0,0
2020-01-24 10:15:00+05:30,213.9499969482422,215.3000030517578,213.89999389648438,214.25,662004,0.0,0
2020-01-24 11:15:00+05:30,214.25,214.35000610351562,213.5,214.0500030517578,212560,0.0,0
2020-01-24 12:15:00+05:30,213.8000030517578,215.35000610351562,213.6999969482422,214.5,516708,0.0,0
2020-01-24 13:15:00+05:30,214.75,216.5,213.6999969482422,216.5,1059803,0.0,0
2020-01-24 14:15:00+05:30,214.10000610351562,216.89999389648438,213.75,215.64999389648438,2191456,0.0,0
2020-01-24 15:15:00+05:30,215.64999389648438,216.75,215.25,215.9499969482422,814076,0.0,0
2020-01-27 09:15:00+05:30,214.8000030517578,218.85000610351562,214.5500030517578,216.89999389648438,0,0.0,0
2020-01-27 10:15:00+05:30,217.4499969482422,217.5,215.64999389648438,216.35000610351562,372968,0.0,0
2020-01-27 11:15:00+05:30,216.0,217.8000030517578,215.64999389648438,217.14999389648438,571152,0.0,0
2020-01-27 12:15:00+05:30,217.35000610351562,217.6999969482422,216.10000610351562,216.14999389648438,358990,0.0,0
2020-01-27 13:15:00+05:30,216.64999389648438,216.75,215.0500030517578,215.3000030517578,391276,0.0,0
2020-01-27 14:15:00+05:30,215.75,216.0,215.0,215.6999969482422,1220367,0.0,0
2020-01-27 15:15:00+05:30,215.6999969482422,216.0,214.8000030517578,215.5500030517578,906192,0.0,0
2020-01-28 09:15:00+05:30,215.8000030517578,219.35000610351562,214.0500030517578,219.1999969482422,0,0.0,0
2020-01-28 10:15:00+05:30,219.25,220.25,218.39999389648438,218.5,1221452,0.0,0
2020-01-28 11:15:00+05:30,218.9499969482422,219.0,217.5,218.10000610351562,1178652,0.0,0
2020-01-28 12:15:00+05:30,218.0500030517578,219.0,217.75,218.0,1255151,0.0,0
2020-01-28 13:15:00+05:30,218.0,218.3000030517578,216.75,217.60000610351562,958138,0.0,0
2020-01-28 14:15:00+05:30,217.5,218.0,215.1999969482422,216.35000610351562,1514686,0.0,0
2020-01-28 15:15:00+05:30,216.35000610351562,216.64999389648438,215.8000030517578,216.14999389648438,179807,0.0,0
2020-01-29 09:15:00+05:30,217.1999969482422,218.25,216.14999389648438,216.3000030517578,0,0.0,0
2020-01-29 10:15:00+05:30,217.10000610351562,217.5,215.5500030517578,216.6999969482422,470814,0.0,0
2020-01-29 11:15:00+05:30,216.89999389648438,217.25,216.14999389648438,216.39999389648438,1289929,0.0,0
2020-01-29 12:15:00+05:30,216.60000610351562,217.75,216.14999389648438,216.89999389648438,749837,0.0,0
2020-01-29 13:15:00+05:30,217.0500030517578,217.10000610351562,216.10000610351562,216.85000610351562,805307,0.0,0
2020-01-29 14:15:00+05:30,216.64999389648438,217.25,213.25,213.89999389648438,1831202,0.0,0
2020-01-29 15:15:00+05:30,213.85000610351562,215.60000610351562,213.25,214.0500030517578,751581,0.0,0
2020-01-30 09:15:00+05:30,214.0500030517578,214.1999969482422,211.75,212.10000610351562,0,0.0,0
2020-01-30 10:15:00+05:30,212.35000610351562,213.3000030517578,211.4499969482422,212.5,268403,0.0,0
2020-01-30 11:15:00+05:30,212.8000030517578,213.0,211.3000030517578,211.8000030517578,297112,0.0,0
2020-01-30 12:15:00+05:30,212.14999389648438,212.3000030517578,210.8000030517578,211.75,741334,0.0,0
2020-01-30 13:15:00+05:30,211.25,212.0,210.25,211.10000610351562,1712562,0.0,0
2020-01-30 14:15:00+05:30,210.4499969482422,211.5,209.89999389648438,210.0500030517578,1037268,0.0,0
2020-01-30 15:15:00+05:30,210.25,210.64999389648438,208.85000610351562,209.89999389648438,1194970,0.0,0
2020-01-31 09:15:00+05:30,210.5,211.75,209.14999389648438,209.4499969482422,0,0.0,0
2020-01-31 10:15:00+05:30,209.4499969482422,210.0,206.39999389648438,206.64999389648438,249070,0.0,0
2020-01-31 11:15:00+05:30,207.4499969482422,207.4499969482422,204.89999389648438,206.39999389648438,538648,0.0,0
2020-01-31 12:15:00+05:30,205.85000610351562,208.5500030517578,205.85000610351562,207.60000610351562,795161,0.0,0
2020-01-31 13:15:00+05:30,207.8000030517578,208.0,206.8000030517578,207.3000030517578,1163137,0.0,0
2020-01-31 14:15:00+05:30,207.5500030517578,207.60000610351562,203.5,204.5500030517578,812531,0.0,0
2020-01-31 15:15:00+05:30,204.5500030517578,205.9499969482422,203.5,204.5,1475046,0.0,0
2020-02-03 09:15:00+05:30,196.1999969482422,200.60000610351562,196.1999969482422,200.60000610351562,0,0.0,0
2020-02-03 10:15:00+05:30,197.6999969482422,201.6999969482422,197.5500030517578,201.5,554769,0.0,0
2020-02-03 11:15:00+05:30,201.35000610351562,201.6999969482422,199.39999389648438,200.0500030517578,1041993,0.0,0
2020-02-03 12:15:00+05:30,199.89999389648438,202.3000030517578,199.5500030517578,201.25,855833,0.0,0
2020-02-03 13:15:00+05:30,201.5,202.3000030517578,199.85000610351562,200.75,702194,0.0,0
2020-02-03 14:15:00+05:30,200.4499969482422,201.3000030517578,199.89999389648438,200.85000610351562,789392,0.0,0
2020-02-03 15:15:00+05:30,200.75,201.4499969482422,199.89999389648438,200.75,747697,0.0,0
2020-02-04 09:15:00+05:30,202.8000030517578,206.1999969482422,202.60000610351562,205.4499969482422,0,0.0,0
2020-02-04 10:15:00+05:30,205.14999389648438,206.1999969482422,203.8000030517578,205.4499969482422,431600,0.0,0
2020-02-04 11:15:00+05:30,205.5500030517578,206.85000610351562,205.1999969482422,206.75,1680080,0.0,0
2020-02-04 12:15:00+05:30,206.35000610351562,206.75,205.5,206.35000610351562,1430593,0.0,0
2020-02-04 13:15:00+05:30,206.4499969482422,206.60000610351562,205.8000030517578,206.25,561468,0.0,0
2020-02-04 14:15:00+05:30,206.1999969482422,206.9499969482422,205.60000610351562,206.5500030517578,1312257,0.0,0
2020-02-04 15:15:00+05:30,206.5500030517578,209.5500030517578,206.25,207.85000610351562,296876,0.0,0
2020-02-05 09:15:00+05:30,207.14999389648438,208.75,206.0,208.10000610351562,0,0.0,0
2020-02-05 10:15:00+05:30,207.39999389648438,208.75,207.25,208.0,675189,0.0,0
2020-02-05 11:15:00+05:30,207.89999389648438,208.25,206.8000030517578,207.35000610351562,1725171,0.0,0
2020-02-05 12:15:00+05:30,207.6999969482422,208.14999389648438,205.5500030517578,205.9499969482422,1165280,0.0,0
2020-02-05 13:15:00+05:30,206.64999389648438,206.8000030517578,205.35000610351562,206.64999389648438,360614,0.0,0
2020-02-05 14:15:00+05:30,206.39999389648438,206.89999389648438,205.89999389648438,206.3000030517578,773827,0.0,0
2020-02-05 15:15:00+05:30,206.25,207.89999389648438,205.89999389648438,206.39999389648438,638628,0.0,0
2020-02-06 09:15:00+05:30,207.25,209.25,207.0,207.25,0,0.0,0
2020-02-06 10:15:00+05:30,207.89999389648438,208.35000610351562,205.1999969482422,205.5500030517578,213508,0.0,0
2020-02-06 11:15:00+05:30,206.64999389648438,207.3000030517578,204.6999969482422,206.9499969482422,629620,0.0,0
2020-02-06 12:15:00+05:30,206.60000610351562,207.75,205.39999389648438,205.39999389648438,531550,0.0,0
2020-02-06 13:15:00+05:30,206.4499969482422,206.5,204.5500030517578,205.1999969482422,513316,0.0,0
2020-02-06 14:15:00+05:30,205.0,208.4499969482422,204.5500030517578,207.8000030517578,1031113,0.0,0
2020-02-06 15:15:00+05:30,207.85000610351562,208.4499969482422,206.6999969482422,207.5,872344,0.0,0
2020-02-07 09:15:00+05:30,207.6999969482422,211.9499969482422,207.14999389648438,210.6999969482422,0,0.0,0
2020-02-07 10:15:00+05:30,211.39999389648438,211.5,209.1999969482422,210.3000030517578,292049,0.0,0
2020-02-07 11:15:00+05:30,209.64999389648438,210.64999389648438,209.1999969482422,210.3000030517578,323400,0.0,0
2020-02-07 12:15:00+05:30,210.5,211.35000610351562,209.89999389648438,210.1999969482422,305716,0.0,0
2020-02-07 13:15:00+05:30,210.1999969482422,211.0,208.89999389648438,210.75,285556,0.0,0
2020-02-07 14:15:00+05:30,209.5500030517578,211.25,209.5500030517578,209.64999389648438,484111,0.0,0
2020-02-07 15:15:00+05:30,209.75,210.39999389648438,0.0,209.8000030517578,523129,0.0,0
2020-02-10 09:15:00+05:30,209.1999969482422,210.64999389648438,206.85000610351562,207.89999389648438,0,0.0,0
2020-02-10 10:15:00+05:30,207.35000610351562,208.5,206.60000610351562,207.9499969482422,176650,0.0,0
2020-02-10 11:15:00+05:30,207.10000610351562,209.0500030517578,206.8000030517578,208.14999389648438,457395,0.0,0
2020-02-10 12:15:00+05:30,208.0500030517578,208.75,207.1999969482422,207.35000610351562,409130,0.0,0
2020-02-10 13:15:00+05:30,207.8000030517578,207.85000610351562,206.14999389648438,206.4499969482422,479558,0.0,0
2020-02-10 14:15:00+05:30,206.89999389648438,207.35000610351562,206.3000030517578,207.14999389648438,565301,0.0,0
2020-02-10 15:15:00+05:30,207.1999969482422,207.8000030517578,206.60000610351562,207.10000610351562,483729,0.0,0
2020-02-11 09:15:00+05:30,208.0,212.0,208.0,211.10000610351562,0,0.0,0
2020-02-11 10:15:00+05:30,211.1999969482422,211.5,210.5,211.1999969482422,239795,0.0,0
2020-02-11 11:15:00+05:30,211.10000610351562,212.1999969482422,211.0,211.3000030517578,792176,0.0,0
2020-02-11 12:15:00+05:30,211.8000030517578,211.85000610351562,211.1999969482422,211.3000030517578,730436,0.0,0
2020-02-11 13:15:00+05:30,211.4499969482422,211.64999389648438,211.10000610351562,211.60000610351562,1411153,0.0,0
2020-02-11 14:15:00+05:30,211.3000030517578,213.4499969482422,211.25,212.0,2288777,0.0,0
2020-02-11 15:15:00+05:30,212.0,212.75,211.25,212.0,1821030,0.0,0
2020-02-12 09:15:00+05:30,212.25,213.0,212.0500030517578,212.5500030517578,0,0.0,0
2020-02-12 10:15:00+05:30,212.25,212.6999969482422,212.14999389648438,212.35000610351562,630510,0.0,0
2020-02-12 11:15:00+05:30,212.4499969482422,214.0,212.1999969482422,212.60000610351562,936433,0.0,0
2020-02-12 12:15:00+05:30,212.5,213.10000610351562,212.25,212.5,550675,0.0,0
2020-02-12 13:15:00+05:30,212.85000610351562,212.89999389648438,211.25,211.5,899208,0.0,0
2020-02-12 14:15:00+05:30,212.1999969482422,212.3000030517578,210.25,211.25,1263426,0.0,0
2020-02-12 15:15:00+05:30,211.25,211.9499969482422,210.85000610351562,211.39999389648438,496683,0.0,0
2020-02-13 09:15:00+05:30,210.60000610351562,211.4499969482422,208.5,210.35000610351562,0,0.0,0
2020-02-13 10:15:00+05:30,208.89999389648438,210.5,208.8000030517578,209.4499969482422,76751,0.0,0
2020-02-13 11:15:00+05:30,209.5500030517578,209.64999389648438,208.35000610351562,208.89999389648438,177093,0.0,0
2020-02-13 12:15:00+05:30,208.35000610351562,210.5,208.35000610351562,210.10000610351562,471408,0.0,0
2020-02-13 13:15:00+05:30,209.85000610351562,210.3000030517578,208.85000610351562,209.3000030517578,304401,0.0,0
2020-02-13 14:15:00+05:30,209.75,209.8000030517578,207.89999389648438,208.6999969482422,371806,0.0,0
2020-02-13 15:15:00+05:30,208.75,209.0,208.14999389648438,208.5500030517578,372619,0.0,0
2020-02-14 09:15:00+05:30,208.25,209.89999389648438,208.1999969482422,209.39999389648438,0,0.0,0
2020-02-14 10:15:00+05:30,208.5,212.25,208.1999969482422,210.14999389648438,598822,0.0,0
2020-02-14 11:15:00+05:30,210.10000610351562,210.6999969482422,207.6999969482422,209.0500030517578,1341166,0.0,0
2020-02-14 12:15:00+05:30,208.14999389648438,209.60000610351562,208.0500030517578,208.39999389648438,514081,0.0,0
2020-02-14 13:15:00+05:30,208.3000030517578,208.64999389648438,206.60000610351562,206.89999389648438,1136822,0.0,0
2020-02-14 14:15:00+05:30,206.6999969482422,207.10000610351562,205.0,205.5,785632,0.0,0
2020-02-14 15:15:00+05:30,205.5500030517578,206.35000610351562,205.10000610351562,205.64999389648438,396011,0.0,0
2020-02-17 09:15:00+05:30,205.0,206.35000610351562,202.3000030517578,204.8000030517578,0,0.0,0
2020-02-17 10:15:00+05:30,205.6999969482422,205.75,203.75,203.9499969482422,550888,0.0,0
2020-02-17 11:15:00+05:30,204.3000030517578,205.60000610351562,203.75,205.5500030517578,323028,0.0,0
2020-02-17 12:15:00+05:30,205.14999389648438,205.6999969482422,204.3000030517578,204.89999389648438,225070,0.0,0
2020-02-17 13:15:00+05:30,204.5,205.5,204.3000030517578,204.5500030517578,238998,0.0,0
2020-02-17 14:15:00+05:30,204.89999389648438,205.89999389648438,203.0500030517578,203.25,746676,0.0,0
2020-02-17 15:15:00+05:30,203.5,205.85000610351562,203.0500030517578,203.8000030517578,0,0.0,0
2020-02-18 09:15:00+05:30,203.25,203.5,200.60000610351562,200.89999389648438,1086953,0.0,0
2020-02-18 10:15:00+05:30,201.4499969482422,202.0,199.25,199.3000030517578,2544982,0.0,0
2020-02-18 11:15:00+05:30,200.25,200.3000030517578,198.10000610351562,198.25,1096542,0.0,0
2020-02-18 12:15:00+05:30,198.39999389648438,200.1999969482422,197.75,199.60000610351562,969360,0.0,0
2020-02-18 13:15:00+05:30,200.1999969482422,200.1999969482422,198.60000610351562,199.64999389648438,238155,0.0,0
2020-02-18 14:15:00+05:30,199.3000030517578,201.3000030517578,198.8000030517578,200.89999389648438,1118907,0.0,0
2020-02-18 15:15:00+05:30,200.9499969482422,201.35000610351562,200.60000610351562,201.0500030517578,330630,0.0,0
2020-02-19 09:15:00+05:30,202.89999389648438,204.89999389648438,202.4499969482422,203.0,612074,0.0,0
2020-02-19 10:15:00+05:30,203.25,203.39999389648438,201.6999969482422,202.3000030517578,147429,0.0,0
2020-02-19 11:15:00+05:30,202.9499969482422,203.1999969482422,202.10000610351562,202.6999969482422,117110,0.0,0
2020-02-19 12:15:00+05:30,202.5,203.9499969482422,202.25,203.39999389648438,220558,0.0,0
2020-02-19 13:15:00+05:30,203.60000610351562,204.39999389648438,202.9499969482422,204.14999389648438,251039,0.0,0
2020-02-19 14:15:00+05:30,203.4499969482422,206.3000030517578,203.39999389648438,206.0,492625,0.0,0
2020-02-19 15:15:00+05:30,206.0,206.39999389648438,205.10000610351562,205.8000030517578,672207,0.0,0
2020-02-20 09:15:00+05:30,205.4499969482422,208.8000030517578,205.39999389648438,208.3000030517578,270478,0.0,0
2020-02-20 10:15:00+05:30,207.4499969482422,210.25,207.3000030517578,209.25,628842,0.0,0
2020-02-20 11:15:00+05:30,208.5,209.6999969482422,208.39999389648438,209.14999389648438,532532,0.0,0
2020-02-20 12:15:00+05:30,209.25,209.25,207.39999389648438,207.75,695860,0.0,0
2020-02-20 13:15:00+05:30,208.10000610351562,208.64999389648438,204.4499969482422,206.3000030517578,1340102,0.0,0
2020-02-20 14:15:00+05:30,205.85000610351562,207.35000610351562,204.4499969482422,206.1999969482422,1102856,0.0,0
2020-02-20 15:15:00+05:30,206.1999969482422,206.39999389648438,204.5500030517578,205.39999389648438,1440505,0.0,0
2020-02-24 09:15:00+05:30,206.6999969482422,210.3000030517578,202.1999969482422,210.1999969482422,0,0.0,0
2020-02-24 10:15:00+05:30,209.0,211.9499969482422,208.14999389648438,211.64999389648438,980699,0.0,0
2020-02-24 11:15:00+05:30,211.6999969482422,212.6999969482422,210.6999969482422,211.60000610351562,1639854,0.0,0
2020-02-24 12:15:00+05:30,211.60000610351562,211.8000030517578,210.6999969482422,211.35000610351562,940516,0.0,0
2020-02-24 13:15:00+05:30,211.39999389648438,211.5500030517578,210.0,210.9499969482422,1165563,0.0,0
2020-02-24 14:15:00+05:30,210.60000610351562,211.25,209.85000610351562,210.0500030517578,2068752,0.0,0
2020-02-24 15:15:00+05:30,210.0500030517578,210.25,208.8000030517578,209.89999389648438,2104978,0.0,0
2020-02-25 09:15:00+05:30,211.1999969482422,214.0,210.75,210.89999389648438,1163472,0.0,0
2020-02-25 10:15:00+05:30,211.64999389648438,212.0,209.3000030517578,211.39999389648438,645329,0.0,0
2020-02-25 11:15:00+05:30,210.5,211.8000030517578,210.25,211.60000610351562,810284,0.0,0
2020-02-25 12:15:00+05:30,211.35000610351562,212.6999969482422,210.8000030517578,211.5,3286800,0.0,0
2020-02-25 13:15:00+05:30,211.35000610351562,212.0,210.60000610351562,211.0,1075426,0.0,0
2020-02-25 14:15:00+05:30,211.39999389648438,211.89999389648438,210.60000610351562,211.64999389648438,1300887,0.0,0
2020-02-25 15:15:00+05:30,211.64999389648438,212.3000030517578,211.0,211.60000610351562,1013844,0.0,0
2020-02-26 09:15:00+05:30,211.8000030517578,213.0,210.10000610351562,212.0,349487,0.0,0
2020-02-26 10:15:00+05:30,211.89999389648438,213.75,211.35000610351562,213.3000030517578,652153,0.0,0
2020-02-26 11:15:00+05:30,213.14999389648438,215.1999969482422,212.8000030517578,214.85000610351562,3886162,0.0,0
2020-02-26 12:15:00+05:30,214.3000030517578,215.1999969482422,214.10000610351562,214.60000610351562,1173372,0.0,0
2020-02-26 13:15:00+05:30,214.6999969482422,216.0500030517578,214.25,214.35000610351562,1409386,0.0,0
2020-02-26 14:15:00+05:30,215.35000610351562,215.39999389648438,212.8000030517578,214.10000610351562,1781489,0.0,0
2020-02-26 15:15:00+05:30,214.10000610351562,214.35000610351562,212.5,213.0,352552,0.0,0
2020-02-27 09:15:00+05:30,213.64999389648438,215.14999389648438,211.4499969482422,211.89999389648438,478460,0.0,0
2020-02-27 10:15:00+05:30,212.1999969482422,214.85000610351562,210.64999389648438,212.5,916197,0.0,0
2020-02-27 11:15:00+05:30,214.0,214.85000610351562,211.60000610351562,212.6999969482422,894972,0.0,0
2020-02-27 12:15:00+05:30,211.9499969482422,214.0,211.60000610351562,213.6999969482422,591253,0.0,0
2020-02-27 13:15:00+05:30,213.0500030517578,214.0,211.64999389648438,211.8000030517578,768523,0.0,0
2020-02-27 14:15:00+05:30,212.10000610351562,212.75,211.35000610351562,211.85000610351562,786626,0.0,0
2020-02-27 15:15:00+05:30,211.89999389648438,212.4499969482422,210.9499969482422,211.60000610351562,907545,0.0,0
2020-02-28 09:15:00+05:30,207.8000030517578,207.8000030517578,203.25,204.5500030517578,371485,0.0,0
2020-02-28 10:15:00+05:30,203.6999969482422,206.3000030517578,203.39999389648438,205.60000610351562,276115,0.0,0
2020-02-28 11:15:00+05:30,205.8000030517578,208.3000030517578,205.1999969482422,206.0500030517578,1055255,0.0,0
2020-02-28 12:15:00+05:30,206.4499969482422,208.0500030517578,205.0500030517578,207.0,677235,0.0,0
2020-02-28 13:15:00+05:30,208.0,209.3000030517578,206.39999389648438,207.60000610351562,1726396,0.0,0
2020-02-28 14:15:00+05:30,208.0,209.3000030517578,204.39999389648438,204.5500030517578,7027883,0.0,0
2020-02-28 15:15:00+05:30,204.5,208.5500030517578,204.35000610351562,205.0500030517578,2857820,0.0,0
2020-03-02 09:15:00+05:30,209.10000610351562,216.35000610351562,208.6999969482422,209.4499969482422,0,0.0,0
2020-03-02 10:15:00+05:30,210.0,210.5,208.1999969482422,209.1999969482422,441721,0.0,0
2020-03-02 11:15:00+05:30,209.4499969482422,210.8000030517578,209.0500030517578,209.14999389648438,686549,0.0,0
2020-03-02 12:15:00+05:30,210.39999389648438,210.5500030517578,207.8000030517578,208.9499969482422,938503,0.0,0
2020-03-02 13:15:00+05:30,209.64999389648438,210.4499969482422,208.8000030517578,210.0,1245824,0.0,0
2020-03-02 14:15:00+05:30,209.8000030517578,210.4499969482422,199.8000030517578,199.9499969482422,1165271,0.0,0
2020-03-02 15:15:00+05:30,199.89999389648438,206.5,199.8000030517578,202.25,938478,0.0,0
2020-03-03 09:15:00+05:30,203.89999389648438,210.5500030517578,203.85000610351562,207.85000610351562,0,0.0,0
2020-03-03 10:15:00+05:30,208.25,208.8000030517578,205.14999389648438,205.39999389648438,520655,0.0,0
2020-03-03 11:15:00+05:30,206.5500030517578,207.75,203.9499969482422,207.35000610351562,1102885,0.0,0
2020-03-03 12:15:00+05:30,205.64999389648438,209.60000610351562,205.64999389648438,207.85000610351562,847665,0.0,0
2020-03-03 13:15:00+05:30,209.0,210.60000610351562,207.25,209.89999389648438,739746,0.0,0
2020-03-03 14:15:00+05:30,209.60000610351562,211.75,209.14999389648438,210.85000610351562,1755474,0.0,0
2020-03-03 15:15:00+05:30,210.85000610351562,212.1999969482422,209.89999389648438,211.14999389648438,1174148,0.0,0
2020-03-04 09:15:00+05:30,211.14999389648438,212.4499969482422,207.6999969482422,211.5500030517578,362511,0.0,0
2020-03-04 10:15:00+05:30,211.9499969482422,213.0,210.0500030517578,210.60000610351562,484822,0.0,0
2020-03-04 11:15:00+05:30,210.3000030517578,211.4499969482422,209.8000030517578,210.39999389648438,834053,0.0,0
2020-03-04 12:15:00+05:30,210.25,210.6999969482422,207.9499969482422,208.1999969482422,766748,0.0,0
2020-03-04 13:15:00+05:30,209.3000030517578,210.0500030517578,204.8000030517578,205.9499969482422,1465808,0.0,0
2020-03-04 14:15:00+05:30,206.8000030517578,208.64999389648438,205.39999389648438,208.35000610351562,1086228,0.0,0
2020-03-04 15:15:00+05:30,208.35000610351562,208.75,207.1999969482422,208.10000610351562,815566,0.0,0
2020-03-05 09:15:00+05:30,208.9499969482422,211.89999389648438,208.9499969482422,209.60000610351562,272456,0.0,0
2020-03-05 10:15:00+05:30,209.75,210.64999389648438,208.39999389648438,209.5500030517578,229483,0.0,0
2020-03-05 11:15:00+05:30,210.0500030517578,210.35000610351562,208.8000030517578,209.85000610351562,281294,0.0,0
2020-03-05 12:15:00+05:30,209.35000610351562,210.1999969482422,207.89999389648438,208.14999389648438,440168,0.0,0
2020-03-05 13:15:00+05:30,208.9499969482422,208.9499969482422,204.3000030517578,206.25,1213701,0.0,0
2020-03-05 14:15:00+05:30,206.4499969482422,206.6999969482422,204.0500030517578,204.3000030517578,828896,0.0,0
2020-03-05 15:15:00+05:30,204.35000610351562,205.64999389648438,203.64999389648438,204.39999389648438,565148,0.0,0
2020-03-06 09:15:00+05:30,198.4499969482422,202.39999389648438,195.39999389648438,200.60000610351562,190282,0.0,0
2020-03-06 10:15:00+05:30,200.89999389648438,202.39999389648438,200.10000610351562,200.35000610351562,189718,0.0,0
2020-03-06 11:15:00+05:30,200.5500030517578,201.3000030517578,199.75,201.0,350539,0.0,0
2020-03-06 12:15:00+05:30,200.6999969482422,203.0,200.3000030517578,202.6999969482422,388222,0.0,0
2020-03-06 13:15:00+05:30,201.3000030517578,204.60000610351562,201.10000610351562,203.5,714445,0.0,0
2020-03-06 14:15:00+05:30,203.60000610351562,206.5500030517578,202.85000610351562,205.0,1334360,0.0,0
2020-03-06 15:15:00+05:30,205.0500030517578,206.5500030517578,204.1999969482422,205.10000610351562,968606,0.0,0
2020-03-09 09:15:00+05:30,199.8000030517578,203.1999969482422,199.75,202.10000610351562,0,0.0,0
2020-03-09 10:15:00+05:30,200.3000030517578,202.25,199.0500030517578,199.1999969482422,1081462,0.0,0
2020-03-09 11:15:00+05:30,199.35000610351562,200.3000030517578,198.5500030517578,199.1999969482422,551564,0.0,0
2020-03-09 12:15:00+05:30,199.35000610351562,199.60000610351562,193.6999969482422,194.10000610351562,1414736,0.0,0
2020-03-09 13:15:00+05:30,197.10000610351562,197.35000610351562,191.6999969482422,194.3000030517578,1702877,0.0,0
2020-03-09 14:15:00+05:30,192.8000030517578,195.6999969482422,191.6999969482422,193.6999969482422,1237815,0.0,0
2020-03-09 15:15:00+05:30,193.64999389648438,194.8000030517578,192.0,193.6999969482422,867341,0.0,0
2020-03-11 09:15:00+05:30,194.10000610351562,196.3000030517578,190.60000610351562,192.89999389648438,225411,0.0,0
2020-03-11 10:15:00+05:30,192.85000610351562,193.6999969482422,190.3000030517578,190.35000610351562,1059542,0.0,0
2020-03-11 11:15:00+05:30,191.9499969482422,193.89999389648438,190.35000610351562,192.4499969482422,853022,0.0,0
2020-03-11 12:15:00+05:30,193.6999969482422,194.25,192.14999389648438,193.6999969482422,767848,0.0,0
2020-03-11 13:15:00+05:30,192.60000610351562,194.25,191.10000610351562,192.1999969482422,925562,0.0,0
2020-03-11 14:15:00+05:30,191.8000030517578,193.4499969482422,190.0500030517578,190.1999969482422,971394,0.0,0
2020-03-11 15:15:00+05:30,192.10000610351562,192.1999969482422,189.8000030517578,190.4499969482422,720483,0.0,0
2020-03-12 09:15:00+05:30,182.1999969482422,183.6999969482422,175.4499969482422,177.14999389648438,67203,0.0,0
2020-03-12 10:15:00+05:30,176.64999389648438,178.14999389648438,170.5,171.8000030517578,2698811,0.0,0
2020-03-12 11:15:00+05:30,171.8000030517578,173.4499969482422,169.10000610351562,173.14999389648438,1945179,0.0,0
2020-03-12 12:15:00+05:30,170.10000610351562,176.10000610351562,170.0,174.85000610351562,1667829,0.0,0
2020-03-12 13:15:00+05:30,174.3000030517578,177.5,173.85000610351562,175.3000030517578,1934114,0.0,0
2020-03-12 14:15:00+05:30,177.10000610351562,177.3000030517578,171.6999969482422,176.0,3877181,0.0,0
2020-03-12 15:15:00+05:30,175.0,177.35000610351562,174.0500030517578,175.5,1959280,0.0,0
2020-03-13 09:15:00+05:30,166.0,166.0,153.0,153.0,0,0.0,0
2020-03-13 10:15:00+05:30,153.0,183.0,152.5500030517578,181.5,2518544,0.0,0
2020-03-13 11:15:00+05:30,175.75,187.75,174.89999389648438,186.6999969482422,1418657,0.0,0
2020-03-13 12:15:00+05:30,181.6999969482422,190.6999969482422,181.64999389648438,189.39999389648438,1296134,0.0,0
2020-03-13 13:15:00+05:30,189.3000030517578,190.6999969482422,185.6999969482422,186.39999389648438,666630,0.0,0
2020-03-13 14:15:00+05:30,187.39999389648438,189.8000030517578,184.3000030517578,188.25,1052160,0.0,0
2020-03-13 15:15:00+05:30,187.85000610351562,189.25,175.5,187.75,706311,0.0,0
2020-03-16 09:15:00+05:30,180.0,183.85000610351562,176.64999389648438,181.5,0,0.0,0
2020-03-16 10:15:00+05:30,182.60000610351562,183.5500030517578,178.85000610351562,179.5500030517578,1129526,0.0,0
2020-03-16 11:15:00+05:30,181.9499969482422,182.0,177.3000030517578,177.8000030517578,555789,0.0,0
2020-03-16 12:15:00+05:30,178.4499969482422,178.75,175.8000030517578,176.39999389648438,682861,0.0,0
2020-03-16 13:15:00+05:30,177.0,177.8000030517578,173.10000610351562,173.64999389648438,743196,0.0,0
2020-03-16 14:15:00+05:30,175.4499969482422,180.1999969482422,172.14999389648438,178.75,2684889,0.0,0
2020-03-16 15:15:00+05:30,178.85000610351562,180.5,177.25,179.4499969482422,2118325,0.0,0
2020-03-17 09:15:00+05:30,181.10000610351562,181.6999969482422,172.35000610351562,179.5,249575,0.0,0
2020-03-17 10:15:00+05:30,180.0,181.35000610351562,178.1999969482422,178.64999389648438,4167493,0.0,0
2020-03-17 11:15:00+05:30,178.8000030517578,179.25,176.75,178.0500030517578,668620,0.0,0
2020-03-17 12:15:00+05:30,178.25,179.9499969482422,175.64999389648438,177.60000610351562,1034294,0.0,0
2020-03-17 13:15:00+05:30,176.35000610351562,178.25,174.10000610351562,175.25,1554497,0.0,0
2020-03-17 14:15:00+05:30,175.25,176.0,170.10000610351562,170.4499969482422,1825815,0.0,0
2020-03-17 15:15:00+05:30,172.8000030517578,173.4499969482422,170.10000610351562,171.39999389648438,1449566,0.0,0
2020-03-18 09:15:00+05:30,173.85000610351562,174.85000610351562,166.5,168.0500030517578,149522,0.0,0
2020-03-18 10:15:00+05:30,167.35000610351562,170.8000030517578,167.0,168.89999389648438,2188572,0.0,0
2020-03-18 11:15:00+05:30,170.10000610351562,170.64999389648438,164.4499969482422,164.75,1248477,0.0,0
2020-03-18 12:15:00+05:30,167.5,167.60000610351562,162.35000610351562,162.8000030517578,1048941,0.0,0
2020-03-18 13:15:00+05:30,163.60000610351562,164.35000610351562,159.5500030517578,159.8000030517578,1350811,0.0,0
2020-03-18 14:15:00+05:30,162.25,163.60000610351562,158.35000610351562,159.14999389648438,2198718,0.0,0
2020-03-18 15:15:00+05:30,158.60000610351562,161.39999389648438,158.35000610351562,159.64999389648438,1388013,0.0,0
2020-03-19 09:15:00+05:30,153.9499969482422,156.25,149.5,153.0500030517578,380568,0.0,0
2020-03-19 10:15:00+05:30,151.75,156.1999969482422,151.10000610351562,151.9499969482422,3794752,0.0,0
2020-03-19 11:15:00+05:30,152.9499969482422,160.25,151.10000610351562,159.39999389648438,5833805,0.0,0
2020-03-19 12:15:00+05:30,158.35000610351562,161.0,157.89999389648438,159.75,2588467,0.0,0
2020-03-19 13:15:00+05:30,159.9499969482422,161.0,158.8000030517578,159.8000030517578,2881070,0.0,0
2020-03-19 14:15:00+05:30,160.14999389648438,160.39999389648438,153.5,153.60000610351562,3172351,0.0,0
2020-03-19 15:15:00+05:30,153.60000610351562,153.75,151.0500030517578,152.0,273277,0.0,0
2020-03-20 09:15:00+05:30,154.6999969482422,160.25,151.5,159.10000610351562,311872,0.0,0
2020-03-20 10:15:00+05:30,158.60000610351562,160.60000610351562,157.1999969482422,160.0,4332110,0.0,0
2020-03-20 11:15:00+05:30,159.75,167.89999389648438,159.25,166.5500030517578,2765231,0.0,0
2020-03-20 12:15:00+05:30,164.6999969482422,168.5500030517578,164.5,167.85000610351562,1504954,0.0,0
2020-03-20 13:15:00+05:30,166.8000030517578,168.35000610351562,152.6999969482422,156.64999389648438,9757556,0.0,0
2020-03-20 14:15:00+05:30,157.6999969482422,160.64999389648438,152.6999969482422,160.14999389648438,3616118,0.0,0
2020-03-20 15:15:00+05:30,156.85000610351562,162.64999389648438,156.64999389648438,160.39999389648438,4206790,0.0,0
2020-03-23 09:15:00+05:30,146.8000030517578,150.85000610351562,145.0,145.35000610351562,0,0.0,0
2020-03-23 10:15:00+05:30,147.89999389648438,147.89999389648438,144.60000610351562,145.85000610351562,169966,0.0,0
2020-03-23 11:15:00+05:30,145.10000610351562,147.3000030517578,139.85000610351562,141.6999969482422,864594,0.0,0
2020-03-23 12:15:00+05:30,141.35000610351562,146.39999389648438,140.5500030517578,145.5,1675627,0.0,0
2020-03-23 13:15:00+05:30,145.35000610351562,149.25,144.8000030517578,147.10000610351562,1793050,0.0,0
2020-03-23 14:15:00+05:30,148.0,150.25,143.85000610351562,145.8000030517578,2351596,0.0,0
2020-03-23 15:15:00+05:30,145.8000030517578,160.39999389648438,143.85000610351562,160.39999389648438,1065819,0.0,0
2020-03-24 09:15:00+05:30,150.89999389648438,155.8000030517578,142.75,146.85000610351562,266080,0.0,0
2020-03-24 10:15:00+05:30,145.35000610351562,148.4499969482422,144.0500030517578,145.64999389648438,1056145,0.0,0
2020-03-24 11:15:00+05:30,144.3000030517578,150.75,144.0500030517578,147.3000030517578,929036,0.0,0
2020-03-24 12:15:00+05:30,147.75,150.39999389648438,146.39999389648438,149.39999389648438,604502,0.0,0
2020-03-24 13:15:00+05:30,148.9499969482422,151.14999389648438,148.0500030517578,149.60000610351562,1233086,0.0,0
2020-03-24 14:15:00+05:30,150.3000030517578,150.9499969482422,141.5500030517578,142.39999389648438,1231050,0.0,0
2020-03-24 15:15:00+05:30,142.35000610351562,142.35000610351562,140.6999969482422,141.0,217062,0.0,0
2020-03-25 09:15:00+05:30,139.0,143.75,139.0,141.6999969482422,0,0.0,0
2020-03-25 10:15:00+05:30,141.10000610351562,144.35000610351562,140.60000610351562,143.4499969482422,1487177,0.0,0
2020-03-25 11:15:00+05:30,142.60000610351562,144.35000610351562,138.10000610351562,139.39999389648438,2970700,0.0,0
2020-03-25 12:15:00+05:30,140.64999389648438,140.85000610351562,138.10000610351562,139.5500030517578,2559144,0.0,0
2020-03-25 13:15:00+05:30,139.64999389648438,140.89999389648438,138.64999389648438,139.9499969482422,2236928,0.0,0
2020-03-25 14:15:00+05:30,139.9499969482422,140.9499969482422,139.25,139.3000030517578,1760923,0.0,0
2020-03-25 15:15:00+05:30,139.35000610351562,139.9499969482422,138.0,138.0500030517578,369907,0.0,0
2020-03-26 09:15:00+05:30,141.25,143.10000610351562,138.39999389648438,142.0500030517578,745134,0.0,0
2020-03-26 10:15:00+05:30,141.60000610351562,145.35000610351562,139.1999969482422,140.75,3999337,0.0,0
2020-03-26 11:15:00+05:30,141.39999389648438,141.85000610351562,136.60000610351562,139.75,2861225,0.0,0
2020-03-26 12:15:00+05:30,139.85000610351562,143.6999969482422,139.0,142.35000610351562,11729931,0.0,0
2020-03-26 13:15:00+05:30,142.25,143.89999389648438,139.39999389648438,142.39999389648438,1581522,0.0,0
2020-03-26 14:15:00+05:30,141.9499969482422,146.39999389648438,141.0,143.60000610351562,1924917,0.0,0
2020-03-26 15:15:00+05:30,143.64999389648438,145.3000030517578,143.0,143.1999969482422,330947,0.0,0
2020-03-27 09:15:00+05:30,149.14999389648438,152.0,145.6999969482422,147.6999969482422,270984,0.0,0
2020-03-27 10:15:00+05:30,147.5,150.0,143.8000030517578,143.9499969482422,4192459,0.0,0
2020-03-27 11:15:00+05:30,144.85000610351562,147.39999389648438,143.39999389648438,145.0,1877452,0.0,0
2020-03-27 12:15:00+05:30,145.89999389648438,146.25,143.39999389648438,143.64999389648438,2101965,0.0,0
2020-03-27 13:15:00+05:30,145.85000610351562,146.0,142.25,143.6999969482422,1576418,0.0,0
2020-03-27 14:15:00+05:30,143.5500030517578,144.8000030517578,141.0,141.75,1853980,0.0,0
2020-03-27 15:15:00+05:30,142.75,142.85000610351562,141.0,141.5500030517578,1212344,0.0,0
2020-03-30 09:15:00+05:30,140.0,142.5500030517578,137.60000610351562,142.1999969482422,0,0.0,0
2020-03-30 10:15:00+05:30,141.25,144.0,140.6999969482422,142.10000610351562,661161,0.0,0
2020-03-30 11:15:00+05:30,143.60000610351562,143.60000610351562,141.1999969482422,142.39999389648438,1427322,0.0,0
2020-03-30 12:15:00+05:30,141.85000610351562,143.1999969482422,139.3000030517578,140.0,2276261,0.0,0
2020-03-30 13:15:00+05:30,140.5500030517578,144.6999969482422,139.3000030517578,143.39999389648438,2287282,0.0,0
2020-03-30 14:15:00+05:30,143.1999969482422,147.25,142.25,146.89999389648438,1359885,0.0,0
2020-03-30 15:15:00+05:30,147.0,154.6999969482422,143.25,148.25,3480947,0.0,0
2020-03-31 09:15:00+05:30,152.25,153.14999389648438,147.60000610351562,148.85000610351562,147928,0.0,0
2020-03-31 10:15:00+05:30,149.8000030517578,149.89999389648438,146.6999969482422,147.4499969482422,478038,0.0,0
2020-03-31 11:15:00+05:30,147.75,150.0,146.6999969482422,149.39999389648438,609713,0.0,0
2020-03-31 12:15:00+05:30,149.4499969482422,151.14999389648438,149.0,151.0,452831,0.0,0
2020-03-31 13:15:00+05:30,150.25,155.25,150.10000610351562,154.5,1014705,0.0,0
2020-03-31 14:15:00+05:30,153.39999389648438,157.0,153.35000610351562,156.10000610351562,2415652,0.0,0
2020-03-31 15:15:00+05:30,154.64999389648438,156.60000610351562,154.64999389648438,155.6999969482422,1978845,0.0,0
2020-04-01 09:15:00+05:30,154.0,155.60000610351562,151.9499969482422,153.89999389648438,109665,0.0,0
2020-04-01 10:15:00+05:30,154.5,154.60000610351562,151.6999969482422,151.9499969482422,474357,0.0,0
2020-04-01 11:15:00+05:30,152.0,153.10000610351562,151.4499969482422,151.6999969482422,343374,0.0,0
2020-04-01 12:15:00+05:30,151.85000610351562,153.89999389648438,150.75,153.60000610351562,477987,0.0,0
2020-04-01 13:15:00+05:30,153.75,156.1999969482422,153.1999969482422,155.0500030517578,1185915,0.0,0
2020-04-01 14:15:00+05:30,155.39999389648438,157.0,154.10000610351562,156.89999389648438,1191451,0.0,0
2020-04-01 15:15:00+05:30,155.4499969482422,158.39999389648438,155.4499969482422,156.64999389648438,931986,0.0,0
2020-04-03 09:15:00+05:30,156.60000610351562,156.60000610351562,152.0,153.89999389648438,208839,1.5,0
2020-04-03 10:15:00+05:30,153.64999389648438,155.4499969482422,153.39999389648438,154.75,1501919,0.0,0
2020-04-03 11:15:00+05:30,154.5,155.25,152.89999389648438,154.0,817258,0.0,0
2020-04-03 12:15:00+05:30,153.35000610351562,154.0500030517578,152.14999389648438,153.5500030517578,798662,0.0,0
2020-04-03 13:15:00+05:30,152.9499969482422,155.64999389648438,152.8000030517578,153.8000030517578,1359850,0.0,0
2020-04-03 14:15:00+05:30,154.6999969482422,155.0,152.35000610351562,152.85000610351562,905746,0.0,0
2020-04-03 15:15:00+05:30,153.89999389648438,153.89999389648438,151.5500030517578,153.0,536800,0.0,0
2020-04-07 09:15:00+05:30,155.0,157.89999389648438,153.60000610351562,154.89999389648438,383302,0.0,0
2020-04-07 10:15:00+05:30,155.85000610351562,160.1999969482422,154.64999389648438,159.6999969482422,2522328,0.0,0
2020-04-07 11:15:00+05:30,159.9499969482422,160.39999389648438,156.6999969482422,157.10000610351562,1518337,0.0,0
2020-04-07 12:15:00+05:30,156.9499969482422,157.6999969482422,155.3000030517578,157.1999969482422,2120618,0.0,0
2020-04-07 13:15:00+05:30,155.75,159.75,155.5,159.60000610351562,1549181,0.0,0
2020-04-07 14:15:00+05:30,159.5,160.5,157.39999389648438,159.89999389648438,1821266,0.0,0
2020-04-07 15:15:00+05:30,158.0500030517578,160.35000610351562,158.0500030517578,159.0,1087500,0.0,0
2020-04-08 09:15:00+05:30,158.0,159.4499969482422,155.35000610351562,156.0,939856,0.0,0
2020-04-08 10:15:00+05:30,156.5,157.25,152.89999389648438,153.85000610351562,5443569,0.0,0
2020-04-08 11:15:00+05:30,154.1999969482422,154.5,150.75,151.64999389648438,2663820,0.0,0
2020-04-08 12:15:00+05:30,151.5500030517578,152.6999969482422,148.1999969482422,150.5500030517578,2195331,0.0,0
2020-04-08 13:15:00+05:30,148.9499969482422,151.8000030517578,148.1999969482422,151.14999389648438,2557724,0.0,0
2020-04-08 14:15:00+05:30,150.64999389648438,152.10000610351562,149.5,149.75,2575395,0.0,0
2020-04-08 15:15:00+05:30,149.8000030517578,150.0,149.0,149.60000610351562,522171,0.0,0
2020-04-09 09:15:00+05:30,151.1999969482422,153.85000610351562,150.75,153.6999969482422,324714,0.0,0
2020-04-09 10:15:00+05:30,152.89999389648438,157.64999389648438,152.5,154.85000610351562,4185487,0.0,0
2020-04-09 11:15:00+05:30,154.39999389648438,155.9499969482422,153.85000610351562,155.14999389648438,1113513,0.0,0
2020-04-09 12:15:00+05:30,155.25,157.5500030517578,154.75,156.1999969482422,2725727,0.0,0
2020-04-09 13:15:00+05:30,156.35000610351562,160.60000610351562,156.14999389648438,158.75,4067149,0.0,0
2020-04-09 14:15:00+05:30,159.35000610351562,159.35000610351562,157.4499969482422,159.0,2113985,0.0,0
2020-04-09 15:15:00+05:30,158.85000610351562,159.3000030517578,158.10000610351562,158.8000030517578,1377053,0.0,0
2020-04-13 09:15:00+05:30,158.8000030517578,162.9499969482422,157.25,159.10000610351562,0,0.0,0
2020-04-13 10:15:00+05:30,159.10000610351562,163.75,158.14999389648438,163.35000610351562,3984660,0.0,0
2020-04-13 11:15:00+05:30,160.3000030517578,167.8000030517578,159.85000610351562,167.8000030517578,4007808,0.0,0
2020-04-13 12:15:00+05:30,165.1999969482422,172.35000610351562,164.75,167.35000610351562,6414580,0.0,0
2020-04-13 13:15:00+05:30,170.8000030517578,170.89999389648438,164.39999389648438,164.9499969482422,3503441,0.0,0
2020-04-13 14:15:00+05:30,165.75,166.6999969482422,164.0500030517578,164.85000610351562,2881020,0.0,0
2020-04-13 15:15:00+05:30,164.85000610351562,167.0,164.35000610351562,165.75,450353,0.0,0
2020-04-15 09:15:00+05:30,169.1999969482422,171.9499969482422,168.0,171.85000610351562,335133,0.0,0
2020-04-15 10:15:00+05:30,170.9499969482422,173.9499969482422,170.5,172.5,3092261,0.0,0
2020-04-15 11:15:00+05:30,172.0,173.39999389648438,171.0500030517578,172.89999389648438,1543767,0.0,0
2020-04-15 12:15:00+05:30,171.60000610351562,173.6999969482422,171.10000610351562,171.9499969482422,1806838,0.0,0
2020-04-15 13:15:00+05:30,171.5,172.4499969482422,168.60000610351562,168.6999969482422,1420160,0.0,0
2020-04-15 14:15:00+05:30,170.0,172.35000610351562,167.39999389648438,168.60000610351562,6653260,0.0,0
2020-04-15 15:15:00+05:30,168.60000610351562,169.39999389648438,167.8000030517578,169.0,722492,0.0,0
2020-04-16 09:15:00+05:30,167.10000610351562,174.60000610351562,164.10000610351562,172.4499969482422,1278083,0.0,0
2020-04-16 10:15:00+05:30,172.10000610351562,174.0,170.3000030517578,171.0500030517578,1775775,0.0,0
2020-04-16 11:15:00+05:30,171.0500030517578,171.6999969482422,169.35000610351562,170.89999389648438,1434706,0.0,0
2020-04-16 12:15:00+05:30,170.5500030517578,171.25,169.10000610351562,170.39999389648438,1400986,0.0,0
2020-04-16 13:15:00+05:30,170.60000610351562,171.60000610351562,170.35000610351562,170.75,903261,0.0,0
2020-04-16 14:15:00+05:30,170.75,171.14999389648438,168.5,169.60000610351562,1623844,0.0,0
2020-04-16 15:15:00+05:30,169.8000030517578,170.60000610351562,168.5,169.6999969482422,1084759,0.0,0
2020-04-17 09:15:00+05:30,174.1999969482422,175.5,172.35000610351562,173.1999969482422,263959,0.0,0
2020-04-17 10:15:00+05:30,173.85000610351562,174.25,170.3000030517578,173.25,1531466,0.0,0
2020-04-17 11:15:00+05:30,171.64999389648438,173.85000610351562,169.39999389648438,170.6999969482422,1222744,0.0,0
2020-04-17 12:15:00+05:30,171.3000030517578,173.0500030517578,169.39999389648438,171.89999389648438,924557,0.0,0
2020-04-17 13:15:00+05:30,172.5,173.0,171.5,172.75,568361,0.0,0
2020-04-17 14:15:00+05:30,172.60000610351562,173.89999389648438,172.14999389648438,173.0,930331,0.0,0
2020-04-17 15:15:00+05:30,173.60000610351562,173.8000030517578,172.3000030517578,172.9499969482422,706372,0.0,0
2020-04-20 09:15:00+05:30,174.85000610351562,174.9499969482422,171.0,172.64999389648438,0,0.0,0
2020-04-20 10:15:00+05:30,172.64999389648438,173.39999389648438,171.6999969482422,172.10000610351562,543356,0.0,0
2020-04-20 11:15:00+05:30,172.4499969482422,172.75,171.0500030517578,172.39999389648438,553160,0.0,0
2020-04-20 12:15:00+05:30,172.3000030517578,173.1999969482422,171.25,172.6999969482422,731774,0.0,0
2020-04-20 13:15:00+05:30,173.0,173.4499969482422,171.5,171.6999969482422,569151,0.0,0
2020-04-20 14:15:00+05:30,171.85000610351562,172.64999389648438,170.0,170.5,1025555,0.0,0
2020-04-20 15:15:00+05:30,170.4499969482422,170.75,169.9499969482422,170.75,244194,0.0,0
2020-04-21 09:15:00+05:30,167.0500030517578,169.4499969482422,164.3000030517578,167.8000030517578,360589,0.0,0
2020-04-21 10:15:00+05:30,168.5500030517578,168.9499969482422,167.35000610351562,168.25,428537,0.0,0
2020-04-21 11:15:00+05:30,168.0500030517578,169.4499969482422,167.5,168.0,374037,0.0,0
2020-04-21 12:15:00+05:30,168.5500030517578,169.4499969482422,167.25,167.85000610351562,586754,0.0,0
2020-04-21 13:15:00+05:30,167.6999969482422,168.35000610351562,167.25,167.60000610351562,264937,0.0,0
2020-04-21 14:15:00+05:30,167.75,168.4499969482422,167.25,167.60000610351562,861796,0.0,0
2020-04-21 15:15:00+05:30,167.60000610351562,167.6999969482422,166.3000030517578,167.0,274305,0.0,0
2020-04-22 09:15:00+05:30,167.5500030517578,172.39999389648438,166.35000610351562,169.0500030517578,454724,0.0,0
2020-04-22 10:15:00+05:30,167.1999969482422,169.85000610351562,166.35000610351562,169.14999389648438,1103929,0.0,0
2020-04-22 11:15:00+05:30,168.5,169.89999389648438,168.39999389648438,168.89999389648438,823615,0.0,0
2020-04-22 12:15:00+05:30,168.75,170.5,168.10000610351562,170.5,740585,0.0,0
2020-04-22 13:15:00+05:30,168.75,170.6999969482422,168.1999969482422,168.85000610351562,730400,0.0,0
2020-04-22 14:15:00+05:30,168.5500030517578,177.6999969482422,168.3000030517578,176.3000030517578,3478677,0.0,0
2020-04-22 15:15:00+05:30,176.1999969482422,177.64999389648438,175.1999969482422,177.1999969482422,497689,0.0,0
2020-04-23 09:15:00+05:30,178.3000030517578,179.5,176.60000610351562,177.5,162325,0.0,0
2020-04-23 10:15:00+05:30,178.3000030517578,178.3000030517578,174.0,174.4499969482422,1233034,0.0,0
2020-04-23 11:15:00+05:30,175.75,175.85000610351562,172.8000030517578,174.14999389648438,1607083,0.0,0
2020-04-23 12:15:00+05:30,174.35000610351562,174.60000610351562,171.64999389648438,171.9499969482422,829936,0.0,0
2020-04-23 13:15:00+05:30,172.85000610351562,173.3000030517578,170.4499969482422,171.5,1212644,0.0,0
2020-04-23 14:15:00+05:30,172.14999389648438,172.8000030517578,171.1999969482422,171.25,1085402,0.0,0
2020-04-23 15:15:00+05:30,171.39999389648438,172.25,170.6999969482422,172.0,443507,0.0,0
2020-04-24 09:15:00+05:30,169.0,171.60000610351562,167.9499969482422,170.14999389648438,229930,0.0,0
2020-04-24 10:15:00+05:30,171.10000610351562,171.60000610351562,167.75,169.0,814307,0.0,0
2020-04-24 11:15:00+05:30,169.3000030517578,169.6999969482422,168.64999389648438,169.14999389648438,362689,0.0,0
2020-04-24 12:15:00+05:30,169.1999969482422,169.89999389648438,168.5,169.14999389648438,540138,0.0,0
2020-04-24 13:15:00+05:30,169.0500030517578,169.64999389648438,168.0,168.25,594782,0.0,0
2020-04-24 14:15:00+05:30,168.8000030517578,169.1999969482422,167.3000030517578,167.64999389648438,1093889,0.0,0
2020-04-24 15:15:00+05:30,167.60000610351562,168.4499969482422,167.5,167.9499969482422,302897,0.0,0
2020-04-27 09:15:00+05:30,170.0,174.0,168.6999969482422,173.0,0,0.0,0
2020-04-27 10:15:00+05:30,171.0,174.0,171.0,172.0,1633749,0.0,0
2020-04-27 11:15:00+05:30,172.0,172.5,171.4499969482422,172.14999389648438,933023,0.0,0
2020-04-27 12:15:00+05:30,171.64999389648438,172.8000030517578,171.5,171.85000610351562,988007,0.0,0
2020-04-27 13:15:00+05:30,172.25,172.64999389648438,171.25,172.1999969482422,862191,0.0,0
2020-04-27 14:15:00+05:30,171.85000610351562,172.5,171.1999969482422,172.25,952429,0.0,0
2020-04-27 15:15:00+05:30,172.35000610351562,173.35000610351562,171.89999389648438,172.5500030517578,417264,0.0,0
2020-04-28 09:15:00+05:30,177.5500030517578,178.39999389648438,171.5500030517578,172.64999389648438,1379498,0.0,0
2020-04-28 10:15:00+05:30,173.5,173.9499969482422,171.5500030517578,172.5500030517578,3003364,0.0,0
2020-04-28 11:15:00+05:30,172.39999389648438,173.9499969482422,169.25,169.5,3088646,0.0,0
2020-04-28 12:15:00+05:30,171.14999389648438,171.1999969482422,169.25,170.3000030517578,2355107,0.0,0
2020-04-28 13:15:00+05:30,169.85000610351562,170.6999969482422,169.10000610351562,169.5,1560590,0.0,0
2020-04-28 14:15:00+05:30,169.60000610351562,170.0500030517578,167.3000030517578,167.89999389648438,3046371,0.0,0
2020-04-28 15:15:00+05:30,168.8000030517578,168.85000610351562,166.89999389648438,167.6999969482422,2490515,0.0,0
2020-04-29 09:15:00+05:30,166.8000030517578,170.75,165.6999969482422,170.14999389648438,333984,0.0,0
2020-04-29 10:15:00+05:30,169.8000030517578,170.5,167.89999389648438,168.89999389648438,1223172,0.0,0
2020-04-29 11:15:00+05:30,168.5,169.35000610351562,168.4499969482422,168.75,457815,0.0,0
2020-04-29 12:15:00+05:30,168.60000610351562,169.4499969482422,168.5500030517578,168.8000030517578,368952,0.0,0
2020-04-29 13:15:00+05:30,168.9499969482422,170.6999969482422,168.5,170.1999969482422,992876,0.0,0
2020-04-29 14:15:00+05:30,169.60000610351562,170.6999969482422,169.14999389648438,169.64999389648438,1379004,0.0,0
2020-04-29 15:15:00+05:30,169.64999389648438,170.1999969482422,168.5,169.5,844310,0.0,0
2020-04-30 09:15:00+05:30,171.1999969482422,173.1999969482422,170.6999969482422,173.0,40732,0.0,0
2020-04-30 10:15:00+05:30,172.5500030517578,174.75,172.39999389648438,174.64999389648438,2047468,0.0,0
2020-04-30 11:15:00+05:30,173.14999389648438,174.85000610351562,172.9499969482422,174.1999969482422,1754699,0.0,0
2020-04-30 12:15:00+05:30,174.3000030517578,174.5,171.5500030517578,172.10000610351562,1234440,0.0,0
2020-04-30 13:15:00+05:30,172.10000610351562,172.8000030517578,171.5500030517578,171.9499969482422,532534,0.0,0
2020-04-30 14:15:00+05:30,171.6999969482422,172.6999969482422,170.85000610351562,171.64999389648438,1101514,0.0,0
2020-04-30 15:15:00+05:30,170.85000610351562,172.64999389648438,170.85000610351562,171.64999389648438,1006019,0.0,0
2020-05-04 09:15:00+05:30,167.0,169.8000030517578,164.85000610351562,165.1999969482422,0,0.0,0
2020-05-04 10:15:00+05:30,166.10000610351562,167.60000610351562,164.5,166.39999389648438,1603796,0.0,0
2020-05-04 11:15:00+05:30,167.1999969482422,167.39999389648438,165.0,165.10000610351562,1040810,0.0,0
2020-05-04 12:15:00+05:30,165.1999969482422,165.89999389648438,164.14999389648438,164.75,1104917,0.0,0
2020-05-04 13:15:00+05:30,164.5500030517578,165.39999389648438,163.35000610351562,163.5,864636,0.0,0
2020-05-04 14:15:00+05:30,164.5,164.5,161.5,162.75,2155835,0.0,0
2020-05-04 15:15:00+05:30,162.64999389648438,163.75,162.5500030517578,163.64999389648438,304195,0.0,0
2020-05-05 09:15:00+05:30,165.0,167.5500030517578,164.0,166.14999389648438,313163,0.0,0
2020-05-05 10:15:00+05:30,165.25,168.85000610351562,164.85000610351562,167.8000030517578,1381373,0.0,0
2020-05-05 11:15:00+05:30,168.4499969482422,168.85000610351562,166.5,166.89999389648438,1016793,0.0,0
2020-05-05 12:15:00+05:30,166.85000610351562,167.8000030517578,166.25,166.5,1001107,0.0,0
2020-05-05 13:15:00+05:30,167.1999969482422,167.89999389648438,165.6999969482422,167.0500030517578,917227,0.0,0
2020-05-05 14:15:00+05:30,167.0500030517578,167.14999389648438,163.75,164.4499969482422,1184145,0.0,0
2020-05-05 15:15:00+05:30,164.4499969482422,165.89999389648438,163.9499969482422,165.85000610351562,306128,0.0,0
2020-05-06 09:15:00+05:30,165.64999389648438,169.5,164.60000610351562,169.10000610351562,267746,0.0,0
2020-05-06 10:15:00+05:30,168.35000610351562,170.1999969482422,167.5,168.0,3695775,0.0,0
2020-05-06 11:15:00+05:30,168.5,169.5,167.85000610351562,169.0,1517060,0.0,0
2020-05-06 12:15:00+05:30,168.75,170.5500030517578,168.60000610351562,169.14999389648438,1493411,0.0,0
2020-05-06 13:15:00+05:30,169.75,170.5500030517578,168.85000610351562,168.89999389648438,1151414,0.0,0
2020-05-06 14:15:00+05:30,169.5,169.6999969482422,167.14999389648438,168.0,2467119,0.0,0
2020-05-06 15:15:00+05:30,167.89999389648438,168.4499969482422,167.3000030517578,167.5,639285,0.0,0
2020-05-07 10:15:00+05:30,168.35000610351562,168.5,167.4499969482422,167.5500030517578,132964,0.0,0
2020-05-07 11:15:00+05:30,167.5,168.64999389648438,167.0,168.5,493328,0.0,0
2020-05-07 12:15:00+05:30,168.39999389648438,169.60000610351562,168.14999389648438,169.4499969482422,378355,0.0,0
2020-05-07 13:15:00+05:30,169.35000610351562,169.4499969482422,167.85000610351562,168.75,786467,0.0,0
2020-05-07 14:15:00+05:30,168.64999389648438,169.5,167.9499969482422,168.9499969482422,679382,0.0,0
2020-05-07 15:15:00+05:30,169.0,169.5,168.0,168.60000610351562,846511,0.0,0
2020-05-08 09:15:00+05:30,170.4499969482422,170.8000030517578,168.85000610351562,169.0500030517578,0,0.0,0
2020-05-08 10:15:00+05:30,169.0500030517578,170.14999389648438,168.85000610351562,170.0,788428,0.0,0
2020-05-08 11:15:00+05:30,169.5500030517578,172.9499969482422,169.10000610351562,171.60000610351562,1759706,0.0,0
2020-05-08 12:15:00+05:30,171.64999389648438,172.0,170.5,170.75,723781,0.0,0
2020-05-08 13:15:00+05:30,171.0,171.0,169.64999389648438,169.8000030517578,829168,0.0,0
2020-05-08 14:15:00+05:30,169.8000030517578,170.14999389648438,168.8000030517578,169.14999389648438,1413460,0.0,0
2020-05-08 15:15:00+05:30,169.4499969482422,170.0,168.8000030517578,169.35000610351562,888805,0.0,0
2020-05-11 09:15:00+05:30,170.1999969482422,173.1999969482422,170.1999969482422,171.8000030517578,0,0.0,0
2020-05-11 10:15:00+05:30,172.39999389648438,173.10000610351562,171.0,172.5500030517578,1006440,0.0,0
2020-05-11 11:15:00+05:30,172.5500030517578,173.89999389648438,171.5,173.6999969482422,1001165,0.0,0
2020-05-11 12:15:00+05:30,172.9499969482422,174.6999969482422,172.85000610351562,174.1999969482422,1750068,0.0,0
2020-05-11 13:15:00+05:30,174.39999389648438,174.64999389648438,173.0500030517578,173.60000610351562,1174552,0.0,0
2020-05-11 14:15:00+05:30,173.25,174.10000610351562,173.0,174.10000610351562,1424847,0.0,0
2020-05-11 15:15:00+05:30,174.10000610351562,174.39999389648438,173.8000030517578,174.25,278370,0.0,0
2020-05-12 09:15:00+05:30,173.25,175.6999969482422,171.0,173.64999389648438,0,0.0,0
2020-05-12 10:15:00+05:30,172.1999969482422,174.14999389648438,171.4499969482422,173.6999969482422,885748,0.0,0
2020-05-12 11:15:00+05:30,173.5500030517578,173.9499969482422,173.0,173.75,546489,0.0,0
2020-05-12 12:15:00+05:30,173.35000610351562,174.89999389648438,173.14999389648438,174.10000610351562,850835,0.0,0
2020-05-12 13:15:00+05:30,174.25,175.0,173.6999969482422,174.75,641823,0.0,0
2020-05-12 14:15:00+05:30,174.6999969482422,176.25,174.1999969482422,175.25,1640712,0.0,0
2020-05-12 15:15:00+05:30,175.64999389648438,175.9499969482422,174.1999969482422,175.1999969482422,920337,0.0,0
2020-05-13 09:15:00+05:30,182.5,190.0,182.5,189.85000610351562,1169919,0.0,0
2020-05-13 10:15:00+05:30,187.14999389648438,190.9499969482422,186.64999389648438,188.3000030517578,5942861,0.0,0
2020-05-13 11:15:00+05:30,188.85000610351562,188.85000610351562,186.5,187.60000610351562,3774036,0.0,0
2020-05-13 12:15:00+05:30,187.60000610351562,187.85000610351562,184.0500030517578,184.39999389648438,2463019,0.0,0
2020-05-13 13:15:00+05:30,187.60000610351562,187.6999969482422,182.0,182.64999389648438,2996100,0.0,0
2020-05-13 14:15:00+05:30,182.9499969482422,183.64999389648438,182.0,182.9499969482422,2069599,0.0,0
2020-05-13 15:15:00+05:30,182.9499969482422,183.75,182.39999389648438,183.5500030517578,472580,0.0,0
2020-05-14 09:15:00+05:30,181.25,184.1999969482422,179.85000610351562,181.35000610351562,0,0.0,0
2020-05-14 10:15:00+05:30,181.6999969482422,181.75,180.14999389648438,180.8000030517578,696491,0.0,0
2020-05-14 11:15:00+05:30,181.14999389648438,181.5,179.8000030517578,180.75,574262,0.0,0
2020-05-14 12:15:00+05:30,180.5,182.1999969482422,180.35000610351562,181.3000030517578,564450,0.0,0
2020-05-14 13:15:00+05:30,181.39999389648438,181.75,178.64999389648438,179.5,832829,0.0,0
2020-05-14 14:15:00+05:30,179.5,182.60000610351562,179.35000610351562,182.4499969482422,958576,0.0,0
2020-05-14 15:15:00+05:30,182.4499969482422,183.5,182.39999389648438,183.0,220036,0.0,0
2020-05-15 09:15:00+05:30,183.9499969482422,184.5500030517578,181.0,183.35000610351562,0,0.0,0
2020-05-15 10:15:00+05:30,183.14999389648438,183.85000610351562,179.85000610351562,181.6999969482422,1109233,0.0,0
2020-05-15 11:15:00+05:30,180.75,182.4499969482422,180.10000610351562,180.75,4372451,0.0,0
2020-05-15 12:15:00+05:30,181.35000610351562,181.4499969482422,180.10000610351562,180.3000030517578,1768196,0.0,0
2020-05-15 13:15:00+05:30,180.64999389648438,181.39999389648438,180.0,181.10000610351562,981737,0.0,0
2020-05-15 14:15:00+05:30,180.64999389648438,182.25,180.4499969482422,182.0,1367215,0.0,0
2020-05-15 15:15:00+05:30,181.8000030517578,182.1999969482422,181.5,181.8000030517578,832840,0.0,0
2020-05-18 09:15:00+05:30,181.89999389648438,181.89999389648438,176.35000610351562,177.39999389648438,0,0.0,0
2020-05-18 10:15:00+05:30,176.75,177.9499969482422,175.5,177.25,758917,0.0,0
2020-05-18 11:15:00+05:30,175.75,177.39999389648438,173.3000030517578,173.39999389648438,928279,0.0,0
2020-05-18 12:15:00+05:30,175.75,176.1999969482422,172.10000610351562,172.8000030517578,945651,0.0,0
2020-05-18 13:15:00+05:30,172.85000610351562,174.4499969482422,172.5,174.14999389648438,735465,0.0,0
2020-05-18 14:15:00+05:30,173.89999389648438,174.5500030517578,171.89999389648438,172.10000610351562,1344769,0.0,0
2020-05-18 15:15:00+05:30,173.10000610351562,173.1999969482422,171.0,172.14999389648438,1287684,0.0,0
2020-05-19 09:15:00+05:30,173.75,174.25,170.25,173.85000610351562,0,1.5,0
2020-05-19 10:15:00+05:30,172.64999389648438,175.5,172.64999389648438,173.5500030517578,1109575,0.0,0
2020-05-19 11:15:00+05:30,174.75,175.5500030517578,174.75,175.39999389648438,1217236,0.0,0
2020-05-19 12:15:00+05:30,175.25,176.8000030517578,174.75,175.35000610351562,1204808,0.0,0
2020-05-19 13:15:00+05:30,175.6999969482422,176.14999389648438,174.1999969482422,174.60000610351562,789698,0.0,0
2020-05-19 14:15:00+05:30,174.75,175.8000030517578,173.75,174.75,653861,0.0,0
2020-05-19 15:15:00+05:30,174.75,175.1999969482422,174.0,174.0,161794,0.0,0
2020-05-20 09:15:00+05:30,173.35000610351562,177.25,172.6999969482422,176.35000610351562,0,0.0,0
2020-05-20 10:15:00+05:30,176.60000610351562,176.75,175.39999389648438,175.85000610351562,722435,0.0,0
2020-05-20 11:15:00+05:30,176.0500030517578,177.10000610351562,175.85000610351562,177.0,496187,0.0,0
2020-05-20 12:15:00+05:30,176.5,177.89999389648438,176.3000030517578,177.60000610351562,505801,0.0,0
2020-05-20 13:15:00+05:30,176.6999969482422,178.35000610351562,176.3000030517578,177.75,835590,0.0,0
2020-05-20 14:15:00+05:30,178.0500030517578,179.64999389648438,177.5,179.60000610351562,1043537,0.0,0
2020-05-20 15:15:00+05:30,178.5,180.8000030517578,178.5,179.64999389648438,1040638,0.0,0
2020-05-21 09:15:00+05:30,180.1999969482422,180.1999969482422,177.5,179.8000030517578,0,0.0,0
2020-05-21 10:15:00+05:30,178.39999389648438,182.25,178.3000030517578,181.60000610351562,1067849,0.0,0
2020-05-21 11:15:00+05:30,182.14999389648438,183.6999969482422,180.89999389648438,181.9499969482422,2628241,0.0,0
2020-05-21 12:15:00+05:30,181.10000610351562,182.39999389648438,180.89999389648438,181.5500030517578,912195,0.0,0
2020-05-21 13:15:00+05:30,181.3000030517578,182.25,180.75,180.89999389648438,961064,0.0,0
2020-05-21 14:15:00+05:30,181.9499969482422,182.0,178.5500030517578,181.35000610351562,2082064,0.0,0
2020-05-21 15:15:00+05:30,180.25,181.64999389648438,180.25,181.0,1035721,0.0,0
2020-05-22 09:15:00+05:30,179.60000610351562,186.35000610351562,177.25,185.35000610351562,0,0.0,0
2020-05-22 10:15:00+05:30,185.5500030517578,187.14999389648438,183.5500030517578,185.35000610351562,2872332,0.0,0
2020-05-22 11:15:00+05:30,184.6999969482422,186.25,184.10000610351562,186.10000610351562,1293883,0.0,0
2020-05-22 12:15:00+05:30,185.60000610351562,186.75,183.6999969482422,183.9499969482422,1652772,0.0,0
2020-05-22 13:15:00+05:30,183.89999389648438,186.5,183.64999389648438,186.0,1728966,0.0,0
2020-05-22 14:15:00+05:30,184.64999389648438,187.85000610351562,184.5500030517578,186.85000610351562,2233899,0.0,0
2020-05-22 15:15:00+05:30,187.1999969482422,187.85000610351562,186.3000030517578,186.9499969482422,997955,0.0,0
2020-05-26 09:15:00+05:30,187.85000610351562,189.5,185.89999389648438,188.6999969482422,0,0.0,0
2020-05-26 10:15:00+05:30,188.1999969482422,190.0,187.0,187.39999389648438,1981080,0.0,0
2020-05-26 11:15:00+05:30,188.6999969482422,188.8000030517578,185.5500030517578,187.0500030517578,1608340,0.0,0
2020-05-26 12:15:00+05:30,186.85000610351562,188.64999389648438,186.75,187.75,1517576,0.0,0
2020-05-26 13:15:00+05:30,188.0,189.75,186.10000610351562,188.5,1456959,0.0,0
2020-05-26 14:15:00+05:30,189.1999969482422,190.0,187.75,188.9499969482422,2105338,0.0,0
2020-05-26 15:15:00+05:30,189.3000030517578,189.39999389648438,187.14999389648438,188.5500030517578,995908,0.0,0
2020-05-27 09:15:00+05:30,189.8000030517578,189.8000030517578,185.60000610351562,186.35000610351562,0,0.0,0
2020-05-27 10:15:00+05:30,186.35000610351562,187.0,185.8000030517578,186.39999389648438,466845,0.0,0
2020-05-27 11:15:00+05:30,186.5,186.64999389648438,185.10000610351562,185.39999389648438,515982,0.0,0
2020-05-27 12:15:00+05:30,185.60000610351562,186.85000610351562,185.10000610351562,186.85000610351562,757388,0.0,0
2020-05-27 13:15:00+05:30,186.0500030517578,189.4499969482422,185.60000610351562,187.9499969482422,1515196,0.0,0
2020-05-27 14:15:00+05:30,188.85000610351562,189.4499969482422,187.64999389648438,187.64999389648438,904070,0.0,0
2020-05-27 15:15:00+05:30,187.75,188.0,186.0,186.0,198242,0.0,0
2020-05-28 09:15:00+05:30,187.1999969482422,189.3000030517578,185.5,188.3000030517578,0,0.0,0
2020-05-28 10:15:00+05:30,187.5,190.25,186.75,188.10000610351562,1342328,0.0,0
2020-05-28 11:15:00+05:30,188.3000030517578,189.8000030517578,187.35000610351562,189.8000030517578,777803,0.0,0
2020-05-28 12:15:00+05:30,188.5500030517578,191.75,188.5500030517578,190.6999969482422,1170217,0.0,0
2020-05-28 13:15:00+05:30,190.89999389648438,191.75,190.4499969482422,190.5,946299,0.0,0
2020-05-28 14:15:00+05:30,190.89999389648438,192.0,190.3000030517578,191.4499969482422,1128599,0.0,0
2020-05-28 15:15:00+05:30,190.60000610351562,191.85000610351562,190.5,191.3000030517578,738892,0.0,0
2020-05-29 09:15:00+05:30,191.0,194.5500030517578,189.0500030517578,193.1999969482422,0,0.0,0
2020-05-29 10:15:00+05:30,193.39999389648438,194.89999389648438,191.5,192.4499969482422,1186655,0.0,0
2020-05-29 11:15:00+05:30,192.35000610351562,193.0500030517578,190.64999389648438,191.5,702429,0.0,0
2020-05-29 12:15:00+05:30,191.1999969482422,192.1999969482422,190.64999389648438,191.4499969482422,468946,0.0,0
2020-05-29 13:15:00+05:30,191.8000030517578,192.1999969482422,189.35000610351562,190.0,1023466,0.0,0
2020-05-29 14:15:00+05:30,189.9499969482422,192.4499969482422,188.75,192.4499969482422,3901708,0.0,0
2020-05-29 15:15:00+05:30,192.4499969482422,192.89999389648438,187.0500030517578,189.85000610351562,2489064,0.0,0
2020-06-01 09:15:00+05:30,191.8000030517578,195.10000610351562,191.75,194.14999389648438,0,0.0,0
2020-06-01 10:15:00+05:30,194.64999389648438,195.64999389648438,192.35000610351562,192.5,1919194,0.0,0
2020-06-01 11:15:00+05:30,192.89999389648438,193.1999969482422,191.0,192.0,1575020,0.0,0
2020-06-01 12:15:00+05:30,191.39999389648438,192.3000030517578,191.0500030517578,191.4499969482422,1728600,0.0,0
2020-06-01 13:15:00+05:30,191.6999969482422,191.85000610351562,189.8000030517578,191.35000610351562,2060796,0.0,0
2020-06-01 14:15:00+05:30,190.85000610351562,191.5,188.5,188.89999389648438,2617574,0.0,0
2020-06-01 15:15:00+05:30,189.60000610351562,189.60000610351562,188.3000030517578,188.9499969482422,1599042,0.0,0
2020-06-02 09:15:00+05:30,189.4499969482422,192.1999969482422,188.25,191.6999969482422,0,0.0,0
2020-06-02 10:15:00+05:30,191.5500030517578,192.85000610351562,190.89999389648438,192.5,1233766,0.0,0
2020-06-02 11:15:00+05:30,191.89999389648438,193.6999969482422,191.64999389648438,193.14999389648438,1235680,0.0,0
2020-06-02 12:15:00+05:30,193.3000030517578,193.6999969482422,191.6999969482422,192.0,1078419,0.0,0
2020-06-02 13:15:00+05:30,191.89999389648438,192.4499969482422,190.1999969482422,190.35000610351562,913070,0.0,0
2020-06-02 14:15:00+05:30,190.64999389648438,191.75,189.8000030517578,191.60000610351562,1097500,0.0,0
2020-06-02 15:15:00+05:30,191.5,191.6999969482422,190.35000610351562,191.3000030517578,352927,0.0,0
2020-06-03 09:15:00+05:30,192.5500030517578,193.9499969482422,190.35000610351562,190.4499969482422,0,0.0,0
2020-06-03 10:15:00+05:30,192.5,192.5,189.64999389648438,190.6999969482422,1470618,0.0,0
2020-06-03 11:15:00+05:30,190.35000610351562,192.1999969482422,190.25,191.8000030517578,826409,0.0,0
2020-06-03 12:15:00+05:30,191.89999389648438,192.0,189.5,189.60000610351562,1713666,0.0,0
2020-06-03 13:15:00+05:30,190.4499969482422,190.4499969482422,189.5,190.25,574745,0.0,0
2020-06-03 14:15:00+05:30,189.89999389648438,190.35000610351562,187.6999969482422,188.4499969482422,1949716,0.0,0
2020-06-03 15:15:00+05:30,188.5500030517578,188.6999969482422,186.85000610351562,187.75,1660953,0.0,0
2020-06-04 09:15:00+05:30,187.6999969482422,189.10000610351562,185.8000030517578,186.0,0,0.0,0
2020-06-04 10:15:00+05:30,186.75,187.3000030517578,184.5500030517578,185.0500030517578,1107889,0.0,0
2020-06-04 11:15:00+05:30,185.75,185.8000030517578,182.0500030517578,182.3000030517578,2617514,0.0,0
2020-06-04 12:15:00+05:30,183.0,183.85000610351562,182.0500030517578,183.8000030517578,1380317,0.0,0
2020-06-04 13:15:00+05:30,182.4499969482422,185.75,182.1999969482422,185.5,1094669,0.0,0
2020-06-04 14:15:00+05:30,184.9499969482422,187.5,184.6999969482422,187.1999969482422,1495134,0.0,0
2020-06-04 15:15:00+05:30,185.8000030517578,187.5,185.75,186.75,1628995,0.0,0
2020-06-05 09:15:00+05:30,187.5500030517578,191.60000610351562,186.89999389648438,190.89999389648438,0,0.0,0
2020-06-05 10:15:00+05:30,190.89999389648438,192.25,190.5,191.1999969482422,1672069,0.0,0
2020-06-05 11:15:00+05:30,191.10000610351562,192.60000610351562,190.8000030517578,191.89999389648438,1875897,0.0,0
2020-06-05 12:15:00+05:30,191.89999389648438,192.4499969482422,191.39999389648438,192.10000610351562,841033,0.0,0
2020-06-05 13:15:00+05:30,191.89999389648438,195.0,191.6999969482422,193.35000610351562,2505490,0.0,0
2020-06-05 14:15:00+05:30,194.10000610351562,195.6999969482422,192.25,194.9499969482422,4229436,0.0,0
2020-06-05 15:15:00+05:30,194.64999389648438,195.89999389648438,194.5500030517578,195.10000610351562,1540264,0.0,0
2020-06-08 09:15:00+05:30,198.9499969482422,198.9499969482422,195.5,196.0,0,0.0,0
2020-06-08 10:15:00+05:30,195.75,196.8000030517578,194.6999969482422,196.0,1347289,0.0,0
2020-06-08 11:15:00+05:30,194.89999389648438,196.25,194.1999969482422,194.60000610351562,963177,0.0,0
2020-06-08 12:15:00+05:30,195.4499969482422,195.4499969482422,193.25,194.4499969482422,955081,0.0,0
2020-06-08 13:15:00+05:30,193.60000610351562,195.0,193.0500030517578,193.8000030517578,522071,0.0,0
2020-06-08 14:15:00+05:30,194.5,194.6999969482422,190.9499969482422,191.14999389648438,1195558,0.0,0
2020-06-08 15:15:00+05:30,191.6999969482422,192.14999389648438,190.5500030517578,191.4499969482422,996746,0.0,0
2020-06-09 09:15:00+05:30,192.0,194.75,191.4499969482422,194.5500030517578,0,0.0,0
2020-06-09 10:15:00+05:30,194.0,195.25,193.64999389648438,194.60000610351562,1116508,0.0,0
2020-06-09 11:15:00+05:30,195.0,195.25,193.1999969482422,193.3000030517578,715953,0.0,0
2020-06-09 12:15:00+05:30,194.4499969482422,194.64999389648438,192.0,192.10000610351562,843385,0.0,0
2020-06-09 13:15:00+05:30,192.14999389648438,193.35000610351562,189.8000030517578,190.0,1120660,0.0,0
2020-06-09 14:15:00+05:30,191.35000610351562,191.5,187.8000030517578,188.25,1490816,0.0,0
2020-06-09 15:15:00+05:30,188.0,188.89999389648438,186.89999389648438,187.8000030517578,1583158,0.0,0
2020-06-10 09:15:00+05:30,188.64999389648438,193.0,188.10000610351562,192.64999389648438,0,0.0,0
2020-06-10 10:15:00+05:30,191.85000610351562,194.35000610351562,191.14999389648438,192.9499969482422,1620072,0.0,0
2020-06-10 11:15:00+05:30,192.9499969482422,193.10000610351562,191.89999389648438,192.85000610351562,871098,0.0,0
2020-06-10 12:15:00+05:30,192.5,193.1999969482422,192.25,192.75,711752,0.0,0
2020-06-10 13:15:00+05:30,193.0,193.0500030517578,190.9499969482422,191.0500030517578,1390045,0.0,0
2020-06-10 14:15:00+05:30,192.5,192.60000610351562,190.9499969482422,192.0,1442071,0.0,0
2020-06-10 15:15:00+05:30,192.0,192.5,191.64999389648438,192.0500030517578,281570,0.0,0
2020-06-11 09:15:00+05:30,191.60000610351562,194.25,190.4499969482422,193.0500030517578,0,0.0,0
2020-06-11 10:15:00+05:30,193.10000610351562,193.75,192.3000030517578,192.85000610351562,804584,0.0,0
2020-06-11 11:15:00+05:30,192.89999389648438,193.75,192.25,192.6999969482422,826896,0.0,0
2020-06-11 12:15:00+05:30,193.0500030517578,193.10000610351562,191.35000610351562,192.5,854342,0.0,0
2020-06-11 13:15:00+05:30,191.6999969482422,192.89999389648438,190.75,191.0,782365,0.0,0
2020-06-11 14:15:00+05:30,191.89999389648438,192.39999389648438,189.0,189.1999969482422,1271146,0.0,0
2020-06-11 15:15:00+05:30,189.25,190.5,189.1999969482422,190.0,294334,0.0,0
2020-06-12 09:15:00+05:30,181.8000030517578,189.5,181.8000030517578,186.5500030517578,0,0.0,0
2020-06-12 10:15:00+05:30,186.85000610351562,190.85000610351562,185.60000610351562,190.0,1428148,0.0,0
2020-06-12 11:15:00+05:30,190.25,192.5500030517578,189.64999389648438,192.0,1485108,0.0,0
2020-06-12 12:15:00+05:30,192.14999389648438,192.5500030517578,190.0,190.14999389648438,1255292,0.0,0
2020-06-12 13:15:00+05:30,191.10000610351562,193.5,189.75,192.60000610351562,1448457,0.0,0
2020-06-12 14:15:00+05:30,191.85000610351562,194.89999389648438,191.8000030517578,193.89999389648438,1529004,0.0,0
2020-06-12 15:15:00+05:30,193.89999389648438,194.0,192.0,193.75,319390,0.0,0
2020-06-15 09:15:00+05:30,192.8000030517578,194.39999389648438,190.6999969482422,192.60000610351562,0,0.0,0
2020-06-15 10:15:00+05:30,193.14999389648438,193.35000610351562,190.5,190.75,703537,0.0,0
2020-06-15 11:15:00+05:30,191.0,192.10000610351562,190.14999389648438,190.64999389648438,530900,0.0,0
2020-06-15 12:15:00+05:30,190.75,191.64999389648438,190.14999389648438,190.89999389648438,295777,0.0,0
2020-06-15 13:15:00+05:30,191.25,192.35000610351562,190.60000610351562,191.85000610351562,271012,0.0,0
2020-06-15 14:15:00+05:30,192.0,192.3000030517578,190.8000030517578,191.60000610351562,722659,0.0,0
2020-06-15 15:15:00+05:30,192.10000610351562,192.14999389648438,191.0,191.5,636665,0.0,0
2020-06-16 09:15:00+05:30,192.60000610351562,198.35000610351562,192.60000610351562,195.1999969482422,0,0.0,0
2020-06-16 10:15:00+05:30,194.60000610351562,195.5,194.39999389648438,195.14999389648438,985642,0.0,0
2020-06-16 11:15:00+05:30,195.25,195.4499969482422,193.5500030517578,193.85000610351562,1303311,0.0,0
2020-06-16 12:15:00+05:30,194.10000610351562,194.75,189.5500030517578,189.5500030517578,1365893,0.0,0
2020-06-16 13:15:00+05:30,193.85000610351562,193.85000610351562,187.8000030517578,190.39999389648438,1436425,0.0,0
2020-06-16 14:15:00+05:30,190.3000030517578,192.1999969482422,189.5500030517578,190.39999389648438,1254422,0.0,0
2020-06-16 15:15:00+05:30,191.64999389648438,192.0,189.5,190.60000610351562,639362,0.0,0
2020-06-17 09:15:00+05:30,188.89999389648438,191.3000030517578,188.35000610351562,190.10000610351562,0,0.0,0
2020-06-17 10:15:00+05:30,189.6999969482422,190.4499969482422,188.10000610351562,189.1999969482422,697454,0.0,0
2020-06-17 11:15:00+05:30,188.4499969482422,190.8000030517578,188.10000610351562,190.4499969482422,533448,0.0,0
2020-06-17 12:15:00+05:30,190.10000610351562,191.4499969482422,190.0,190.75,565723,0.0,0
2020-06-17 13:15:00+05:30,190.10000610351562,191.14999389648438,188.5500030517578,188.64999389648438,640208,0.0,0
2020-06-17 14:15:00+05:30,189.3000030517578,189.6999969482422,187.0500030517578,187.14999389648438,1419678,0.0,0
2020-06-17 15:15:00+05:30,188.0500030517578,188.64999389648438,186.39999389648438,187.14999389648438,1400102,0.0,0
2020-06-18 09:15:00+05:30,186.75,188.89999389648438,186.3000030517578,188.0,461676,0.0,0
2020-06-18 10:15:00+05:30,187.6999969482422,188.0,187.1999969482422,187.35000610351562,469176,0.0,0
2020-06-18 11:15:00+05:30,187.89999389648438,188.0500030517578,186.89999389648438,187.1999969482422,772952,0.0,0
2020-06-18 12:15:00+05:30,187.5,188.0,186.5500030517578,186.6999969482422,1163991,0.0,0
2020-06-18 13:15:00+05:30,187.3000030517578,187.64999389648438,185.75,187.5,1076884,0.0,0
2020-06-18 14:15:00+05:30,187.1999969482422,188.0,186.89999389648438,187.3000030517578,975356,0.0,0
2020-06-18 15:15:00+05:30,187.6999969482422,187.89999389648438,186.6999969482422,187.35000610351562,0,0.0,0
2020-06-19 09:15:00+05:30,188.3000030517578,190.4499969482422,187.9499969482422,189.3000030517578,435944,0.0,0
2020-06-19 10:15:00+05:30,189.5500030517578,190.4499969482422,187.8000030517578,189.0,833328,0.0,0
2020-06-19 11:15:00+05:30,188.75,189.85000610351562,188.25,188.85000610351562,700484,0.0,0
2020-06-19 12:15:00+05:30,189.0500030517578,191.85000610351562,188.3000030517578,191.14999389648438,1561832,0.0,0
2020-06-19 13:15:00+05:30,191.60000610351562,192.64999389648438,190.5,191.8000030517578,737079,0.0,0
2020-06-19 14:15:00+05:30,192.3000030517578,194.0,190.0,190.0,3595287,0.0,0
2020-06-19 15:15:00+05:30,190.0,192.85000610351562,189.75,191.8000030517578,2359632,0.0,0
2020-06-22 09:15:00+05:30,191.4499969482422,193.3000030517578,190.64999389648438,191.5500030517578,0,0.0,0
2020-06-22 10:15:00+05:30,191.4499969482422,192.5,190.6999969482422,191.75,596646,0.0,0
2020-06-22 11:15:00+05:30,191.6999969482422,192.5,191.0500030517578,191.5,696125,0.0,0
2020-06-22 12:15:00+05:30,191.6999969482422,191.85000610351562,191.10000610351562,191.60000610351562,625216,0.0,0
2020-06-22 13:15:00+05:30,191.6999969482422,191.8000030517578,191.1999969482422,191.6999969482422,742437,0.0,0
2020-06-22 14:15:00+05:30,191.5500030517578,191.8000030517578,190.64999389648438,190.8000030517578,978803,0.0,0
2020-06-22 15:15:00+05:30,191.60000610351562,191.8000030517578,190.5500030517578,191.10000610351562,610270,0.0,0
2020-06-23 09:15:00+05:30,191.85000610351562,196.14999389648438,191.25,195.39999389648438,0,0.0,0
2020-06-23 10:15:00+05:30,195.0,196.14999389648438,194.25,194.4499969482422,1173385,0.0,0
2020-06-23 11:15:00+05:30,194.64999389648438,195.5,193.75,195.1999969482422,815148,0.0,0
2020-06-23 12:15:00+05:30,195.0,195.39999389648438,193.60000610351562,194.10000610351562,1044612,0.0,0
2020-06-23 13:15:00+05:30,194.0,195.5,193.0,193.1999969482422,1165072,0.0,0
2020-06-23 14:15:00+05:30,193.64999389648438,194.0,192.60000610351562,192.85000610351562,1755230,0.0,0
2020-06-23 15:15:00+05:30,192.6999969482422,193.5,192.6999969482422,193.5,270751,0.0,0
2020-06-24 09:15:00+05:30,194.25,198.1999969482422,193.0,197.35000610351562,0,0.0,0
2020-06-24 10:15:00+05:30,196.3000030517578,198.1999969482422,194.0,194.8000030517578,2317066,0.0,0
2020-06-24 11:15:00+05:30,194.0,196.25,192.5500030517578,193.0500030517578,1907606,0.0,0
2020-06-24 12:15:00+05:30,193.25,194.60000610351562,192.0,192.14999389648438,1449763,0.0,0
2020-06-24 13:15:00+05:30,194.14999389648438,194.1999969482422,188.5500030517578,189.14999389648438,1854597,0.0,0
2020-06-24 14:15:00+05:30,190.35000610351562,190.35000610351562,186.4499969482422,189.0500030517578,2205026,0.0,0
2020-06-24 15:15:00+05:30,188.0,191.5,186.6999969482422,188.6999969482422,1251268,0.0,0
2020-06-25 09:15:00+05:30,188.60000610351562,191.10000610351562,187.35000610351562,190.5,0,0.0,0
2020-06-25 10:15:00+05:30,189.89999389648438,191.25,189.10000610351562,190.0,1010617,0.0,0
2020-06-25 11:15:00+05:30,190.10000610351562,190.3000030517578,187.85000610351562,187.85000610351562,1096145,0.0,0
2020-06-25 12:15:00+05:30,188.4499969482422,188.6999969482422,186.85000610351562,188.0,1083128,0.0,0
2020-06-25 13:15:00+05:30,187.1999969482422,188.64999389648438,187.0,187.64999389648438,1404482,0.0,0
2020-06-25 14:15:00+05:30,187.85000610351562,188.89999389648438,185.89999389648438,186.10000610351562,1624879,0.0,0
2020-06-25 15:15:00+05:30,187.85000610351562,187.85000610351562,185.35000610351562,186.25,1431852,0.0,0
2020-06-26 09:15:00+05:30,188.0,188.64999389648438,187.35000610351562,187.6999969482422,0,0.0,0
2020-06-26 10:15:00+05:30,188.1999969482422,188.1999969482422,186.14999389648438,186.64999389648438,852940,0.0,0
2020-06-26 11:15:00+05:30,186.5500030517578,187.6999969482422,186.3000030517578,186.6999969482422,797841,0.0,0
2020-06-26 12:15:00+05:30,186.4499969482422,187.5,186.3000030517578,186.60000610351562,863162,0.0,0
2020-06-26 13:15:00+05:30,187.10000610351562,187.85000610351562,186.3000030517578,187.10000610351562,895057,0.0,0
2020-06-26 14:15:00+05:30,187.10000610351562,188.5,186.6999969482422,188.0,1326404,0.0,0
2020-06-26 15:15:00+05:30,187.85000610351562,188.14999389648438,187.5500030517578,187.8000030517578,284552,0.0,0
2020-06-29 09:15:00+05:30,187.35000610351562,188.14999389648438,183.3000030517578,185.10000610351562,0,0.0,0
2020-06-29 10:15:00+05:30,184.5,187.39999389648438,184.25,186.1999969482422,1077141,0.0,0
2020-06-29 11:15:00+05:30,186.39999389648438,186.60000610351562,185.4499969482422,186.14999389648438,467844,0.0,0
2020-06-29 12:15:00+05:30,186.25,187.35000610351562,185.8000030517578,186.39999389648438,535238,0.0,0
2020-06-29 13:15:00+05:30,187.0,187.35000610351562,186.0,186.35000610351562,372019,0.0,0
2020-06-29 14:15:00+05:30,186.10000610351562,188.0,186.0500030517578,187.9499969482422,819658,0.0,0
2020-06-29 15:15:00+05:30,186.64999389648438,188.25,186.3000030517578,187.5500030517578,1316158,0.0,0
2020-06-30 09:15:00+05:30,187.64999389648438,193.64999389648438,187.64999389648438,192.64999389648438,0,0.0,0
2020-06-30 10:15:00+05:30,192.64999389648438,193.64999389648438,191.3000030517578,191.5,1508896,0.0,0
2020-06-30 11:15:00+05:30,191.5,192.64999389648438,190.64999389648438,192.5,2442671,0.0,0
2020-06-30 12:15:00+05:30,191.5500030517578,193.8000030517578,191.4499969482422,193.64999389648438,1364152,0.0,0
2020-06-30 13:15:00+05:30,193.64999389648438,194.9499969482422,193.3000030517578,194.14999389648438,1804031,0.0,0
2020-06-30 14:15:00+05:30,194.89999389648438,194.9499969482422,192.6999969482422,193.35000610351562,2256947,0.0,0
2020-06-30 15:15:00+05:30,193.35000610351562,193.9499969482422,193.0,193.8000030517578,333379,0.0,0
2020-07-01 09:15:00+05:30,194.14999389648438,195.6999969482422,192.14999389648438,192.85000610351562,1101363,0.0,0
2020-07-01 10:15:00+05:30,193.3000030517578,193.5,191.14999389648438,191.60000610351562,803767,0.0,0
2020-07-01 11:15:00+05:30,191.4499969482422,192.5,191.39999389648438,192.0,367620,0.0,0
2020-07-01 12:15:00+05:30,192.0500030517578,192.89999389648438,191.25,191.9499969482422,373842,0.0,0
2020-07-01 13:15:00+05:30,192.75,192.89999389648438,190.4499969482422,192.60000610351562,616886,0.0,0
2020-07-01 14:15:00+05:30,191.64999389648438,193.0,191.25,192.39999389648438,811032,0.0,0
2020-07-01 15:15:00+05:30,192.39999389648438,192.64999389648438,191.9499969482422,192.1999969482422,238807,0.0,0
2020-07-02 09:15:00+05:30,192.89999389648438,196.25,192.89999389648438,193.89999389648438,577906,0.0,0
2020-07-02 10:15:00+05:30,194.0500030517578,194.3000030517578,192.8000030517578,192.85000610351562,347258,0.0,0
2020-07-02 11:15:00+05:30,193.5,194.0,192.6999969482422,193.14999389648438,361264,0.0,0
2020-07-02 12:15:00+05:30,193.3000030517578,193.6999969482422,192.0500030517578,192.89999389648438,852019,0.0,0
2020-07-02 13:15:00+05:30,193.0500030517578,194.3000030517578,192.60000610351562,194.0,846070,0.0,0
2020-07-02 14:15:00+05:30,193.89999389648438,194.1999969482422,193.3000030517578,193.5,958043,0.0,0
2020-07-02 15:15:00+05:30,193.39999389648438,194.10000610351562,193.3000030517578,193.6999969482422,824137,0.0,0
2020-07-03 09:15:00+05:30,194.14999389648438,195.64999389648438,194.0,194.1999969482422,0,0.0,0
2020-07-03 10:15:00+05:30,194.5,194.75,193.10000610351562,193.5,318917,0.0,0
2020-07-03 11:15:00+05:30,193.75,194.6999969482422,193.10000610351562,193.8000030517578,379752,0.0,0
2020-07-03 12:15:00+05:30,193.89999389648438,194.10000610351562,193.0,193.35000610351562,208184,0.0,0
2020-07-03 13:15:00+05:30,193.14999389648438,194.8000030517578,192.14999389648438,194.25,4173001,0.0,0
2020-07-03 14:15:00+05:30,193.8000030517578,196.1999969482422,193.60000610351562,195.5,1828184,0.0,0
2020-07-03 15:15:00+05:30,195.60000610351562,196.0500030517578,195.3000030517578,195.6999969482422,320127,0.0,0
2020-07-06 09:15:00+05:30,197.6999969482422,197.75,196.0500030517578,197.1999969482422,0,0.0,0
2020-07-06 10:15:00+05:30,196.9499969482422,197.4499969482422,196.39999389648438,196.64999389648438,417641,0.0,0
2020-07-06 11:15:00+05:30,196.9499969482422,197.14999389648438,196.1999969482422,196.89999389648438,372863,0.0,0
2020-07-06 12:15:00+05:30,196.75,197.25,194.85000610351562,194.85000610351562,448962,0.0,0
2020-07-06 13:15:00+05:30,196.4499969482422,196.5,194.6999969482422,195.0,1026660,0.0,0
2020-07-06 14:15:00+05:30,195.10000610351562,195.5,193.75,194.0500030517578,1277115,0.0,0
2020-07-06 15:15:00+05:30,194.10000610351562,194.39999389648438,193.5,193.89999389648438,880342,0.0,0
2020-07-07 09:15:00+05:30,194.4499969482422,194.4499969482422,192.35000610351562,193.5,0,0.0,0
2020-07-07 10:15:00+05:30,193.25,193.8000030517578,191.5500030517578,191.85000610351562,719856,0.0,0
2020-07-07 11:15:00+05:30,193.0500030517578,193.14999389648438,191.10000610351562,191.6999969482422,789721,0.0,0
2020-07-07 12:15:00+05:30,191.60000610351562,193.75,191.3000030517578,193.39999389648438,852797,0.0,0
2020-07-07 13:15:00+05:30,192.60000610351562,194.4499969482422,192.5500030517578,194.4499969482422,783674,0.0,0
2020-07-07 14:15:00+05:30,193.5500030517578,194.5500030517578,193.0,193.35000610351562,608073,0.0,0
2020-07-07 15:15:00+05:30,193.5500030517578,193.8000030517578,192.5500030517578,193.25,493118,0.0,0
2020-07-08 09:15:00+05:30,194.0,196.25,192.89999389648438,193.10000610351562,907084,0.0,0
2020-07-08 10:15:00+05:30,193.10000610351562,194.25,192.8000030517578,194.1999969482422,535901,0.0,0
2020-07-08 11:15:00+05:30,193.4499969482422,195.0,193.25,194.85000610351562,779145,0.0,0
2020-07-08 12:15:00+05:30,194.25,196.60000610351562,194.0500030517578,196.0500030517578,1081337,0.0,0
2020-07-08 13:15:00+05:30,196.35000610351562,196.60000610351562,195.10000610351562,195.5,441443,0.0,0
2020-07-08 14:15:00+05:30,195.6999969482422,196.60000610351562,193.5,195.8000030517578,863738,0.0,0
2020-07-08 15:15:00+05:30,194.39999389648438,196.60000610351562,194.1999969482422,195.5500030517578,365361,0.0,0
2020-07-09 09:15:00+05:30,195.75,199.8000030517578,195.60000610351562,199.39999389648438,0,0.0,0
2020-07-09 10:15:00+05:30,197.60000610351562,200.85000610351562,197.5,199.8000030517578,4826584,0.0,0
2020-07-09 11:15:00+05:30,200.0,201.6999969482422,199.0,201.3000030517578,2507346,0.0,0
2020-07-09 12:15:00+05:30,201.3000030517578,202.0,199.6999969482422,200.8000030517578,2184635,0.0,0
2020-07-09 13:15:00+05:30,201.0,202.5,199.6999969482422,202.25,1511225,0.0,0
2020-07-09 14:15:00+05:30,201.14999389648438,202.75,200.5500030517578,202.1999969482422,2707759,0.0,0
2020-07-09 15:15:00+05:30,202.1999969482422,202.89999389648438,202.0,202.4499969482422,585257,0.0,0
2020-07-10 09:15:00+05:30,202.3000030517578,204.35000610351562,200.3000030517578,201.25,0,0.0,0
2020-07-10 10:15:00+05:30,201.0,201.5,198.39999389648438,198.8000030517578,2076979,0.0,0
2020-07-10 11:15:00+05:30,199.89999389648438,199.9499969482422,198.39999389648438,199.3000030517578,840328,0.0,0
2020-07-10 12:15:00+05:30,199.35000610351562,199.39999389648438,197.60000610351562,198.1999969482422,1096781,0.0,0
2020-07-10 13:15:00+05:30,198.9499969482422,199.0500030517578,197.0500030517578,197.0500030517578,814374,0.0,0
2020-07-10 14:15:00+05:30,198.35000610351562,198.5,196.5,197.10000610351562,1365018,0.0,0
2020-07-10 15:15:00+05:30,197.10000610351562,197.5,196.5,196.8000030517578,491196,0.0,0
2020-07-13 09:15:00+05:30,197.1999969482422,198.35000610351562,196.8000030517578,197.3000030517578,0,0.0,0
2020-07-13 10:15:00+05:30,197.39999389648438,197.8000030517578,196.0500030517578,196.1999969482422,484213,0.0,0
2020-07-13 11:15:00+05:30,197.39999389648438,197.39999389648438,194.8000030517578,195.0,1025134,0.0,0
2020-07-13 12:15:00+05:30,195.39999389648438,195.64999389648438,193.75,194.64999389648438,1824115,0.0,0
2020-07-13 13:15:00+05:30,194.25,199.39999389648438,193.75,199.3000030517578,2072053,0.0,0
2020-07-13 14:15:00+05:30,197.35000610351562,199.5500030517578,197.35000610351562,198.5,2896494,0.0,0
2020-07-13 15:15:00+05:30,198.60000610351562,198.89999389648438,197.9499969482422,198.4499969482422,1064504,0.0,0
2020-07-14 09:15:00+05:30,197.10000610351562,199.1999969482422,196.14999389648438,197.3000030517578,774908,0.0,0
2020-07-14 10:15:00+05:30,197.75,197.8000030517578,192.39999389648438,192.85000610351562,1494180,0.0,0
2020-07-14 11:15:00+05:30,193.0500030517578,193.6999969482422,192.0,192.5,1054184,0.0,0
2020-07-14 12:15:00+05:30,192.25,193.0,190.14999389648438,190.39999389648438,1045708,0.0,0
2020-07-14 13:15:00+05:30,191.60000610351562,191.8000030517578,190.14999389648438,191.60000610351562,1218140,0.0,0
2020-07-14 14:15:00+05:30,191.39999389648438,192.0500030517578,190.35000610351562,190.39999389648438,1368376,0.0,0
2020-07-14 15:15:00+05:30,190.4499969482422,191.0,190.0,191.0,413843,0.0,0
2020-07-15 09:15:00+05:30,192.5,192.89999389648438,191.14999389648438,192.0500030517578,738743,0.0,0
2020-07-15 10:15:00+05:30,191.8000030517578,193.25,191.75,191.89999389648438,1215497,0.0,0
2020-07-15 11:15:00+05:30,192.6999969482422,192.8000030517578,191.4499969482422,191.6999969482422,771391,0.0,0
2020-07-15 12:15:00+05:30,192.3000030517578,192.3000030517578,189.0,189.5,1750388,0.0,0
2020-07-15 13:15:00+05:30,189.64999389648438,190.14999389648438,189.0,189.64999389648438,758285,0.0,0
2020-07-15 14:15:00+05:30,189.5500030517578,190.0,187.8000030517578,188.60000610351562,1690495,0.0,0
2020-07-15 15:15:00+05:30,188.64999389648438,189.39999389648438,187.9499969482422,188.64999389648438,1234857,0.0,0
2020-07-16 09:15:00+05:30,189.4499969482422,189.4499969482422,185.75,187.0,0,0.0,0
2020-07-16 10:15:00+05:30,187.75,188.6999969482422,186.75,188.14999389648438,542564,0.0,0
2020-07-16 11:15:00+05:30,188.1999969482422,189.14999389648438,187.5500030517578,188.14999389648438,591039,0.0,0
2020-07-16 12:15:00+05:30,187.89999389648438,188.9499969482422,187.4499969482422,188.6999969482422,528691,0.0,0
2020-07-16 13:15:00+05:30,188.4499969482422,190.3000030517578,188.0,189.0,913929,0.0,0
2020-07-16 14:15:00+05:30,189.9499969482422,193.0,188.64999389648438,192.60000610351562,1928416,0.0,0
2020-07-16 15:15:00+05:30,192.8000030517578,192.89999389648438,191.8000030517578,192.5,816826,0.0,0
2020-07-17 09:15:00+05:30,193.9499969482422,193.9499969482422,193.89999389648438,193.89999389648438,0,0.0,0
2020-07-17 10:15:00+05:30,193.9499969482422,194.25,192.5,193.89999389648438,235014,0.0,0
2020-07-17 11:15:00+05:30,193.89999389648438,195.60000610351562,193.60000610351562,195.14999389648438,767212,0.0,0
2020-07-17 12:15:00+05:30,195.14999389648438,195.39999389648438,194.0500030517578,194.25,279268,0.0,0
2020-07-17 13:15:00+05:30,194.3000030517578,194.8000030517578,193.14999389648438,193.25,260281,0.0,0
2020-07-17 14:15:00+05:30,193.1999969482422,193.9499969482422,192.39999389648438,193.0500030517578,494537,0.0,0
2020-07-20 09:15:00+05:30,195.0,197.0,194.5,195.75,456273,0.0,0
2020-07-20 10:15:00+05:30,195.3000030517578,196.3000030517578,194.60000610351562,195.39999389648438,333840,0.0,0
2020-07-20 11:15:00+05:30,195.0,195.8000030517578,194.60000610351562,195.5,713895,0.0,0
2020-07-20 12:15:00+05:30,195.3000030517578,196.75,195.14999389648438,195.5500030517578,535766,0.0,0
2020-07-20 13:15:00+05:30,195.75,196.10000610351562,194.85000610351562,195.5,458802,0.0,0
2020-07-20 14:15:00+05:30,195.25,195.9499969482422,194.89999389648438,195.0,655952,0.0,0
2020-07-20 15:15:00+05:30,195.0,196.5,194.9499969482422,196.5,317220,0.0,0
2020-07-21 09:15:00+05:30,201.0,207.1999969482422,200.4499969482422,206.0500030517578,4108013,0.0,0
2020-07-21 10:15:00+05:30,206.25,207.1999969482422,205.64999389648438,206.0500030517578,3753002,0.0,0
2020-07-21 11:15:00+05:30,206.39999389648438,206.89999389648438,206.0,206.8000030517578,1356829,0.0,0
2020-07-21 12:15:00+05:30,206.0,207.5500030517578,206.0,206.25,2128233,0.0,0
2020-07-21 13:15:00+05:30,206.10000610351562,206.85000610351562,205.75,206.60000610351562,3103737,0.0,0
2020-07-21 14:15:00+05:30,206.25,207.1999969482422,204.14999389648438,204.8000030517578,2342135,0.0,0
2020-07-21 15:15:00+05:30,204.85000610351562,205.5,204.10000610351562,205.39999389648438,446141,0.0,0
2020-07-22 09:15:00+05:30,204.39999389648438,204.85000610351562,201.64999389648438,202.5,0,0.0,0
2020-07-22 10:15:00+05:30,202.10000610351562,204.25,201.64999389648438,203.1999969482422,603109,0.0,0
2020-07-22 11:15:00+05:30,203.0500030517578,203.75,202.25,202.60000610351562,318289,0.0,0
2020-07-22 12:15:00+05:30,202.60000610351562,202.85000610351562,201.60000610351562,201.89999389648438,864523,0.0,0
2020-07-22 13:15:00+05:30,202.5,202.5500030517578,199.14999389648438,199.5,1143386,0.0,0
2020-07-22 14:15:00+05:30,199.75,201.4499969482422,199.14999389648438,201.4499969482422,1158131,0.0,0
2020-07-22 15:15:00+05:30,201.39999389648438,202.60000610351562,201.3000030517578,202.35000610351562,319383,0.0,0
2020-07-23 09:15:00+05:30,201.5,202.25,199.35000610351562,199.5,0,0.0,0
2020-07-23 10:15:00+05:30,200.0,200.75,198.64999389648438,199.10000610351562,680789,0.0,0
2020-07-23 11:15:00+05:30,199.9499969482422,200.3000030517578,198.5,199.0,1221637,0.0,0
2020-07-23 12:15:00+05:30,198.89999389648438,199.5,197.5500030517578,199.10000610351562,933943,0.0,0
2020-07-23 13:15:00+05:30,198.89999389648438,199.8000030517578,197.4499969482422,197.5,1001334,0.0,0
2020-07-23 14:15:00+05:30,197.85000610351562,198.3000030517578,197.25,197.64999389648438,1062054,0.0,0
2020-07-23 15:15:00+05:30,197.89999389648438,198.85000610351562,197.5,197.9499969482422,837122,0.0,0
2020-07-24 09:15:00+05:30,198.0,201.1999969482422,197.0,199.35000610351562,0,0.0,0
2020-07-24 10:15:00+05:30,200.1999969482422,200.25,196.64999389648438,197.14999389648438,1176715,0.0,0
2020-07-24 11:15:00+05:30,197.75,198.35000610351562,196.64999389648438,198.3000030517578,925220,0.0,0
2020-07-24 12:15:00+05:30,197.8000030517578,199.0,197.64999389648438,198.5500030517578,519771,0.0,0
2020-07-24 13:15:00+05:30,198.64999389648438,202.5,198.10000610351562,202.3000030517578,1664537,0.0,0
2020-07-24 14:15:00+05:30,199.89999389648438,202.5,199.89999389648438,201.10000610351562,2713124,0.0,0
2020-07-24 15:15:00+05:30,201.14999389648438,201.39999389648438,200.5500030517578,200.9499969482422,968340,0.0,0
2020-07-27 09:15:00+05:30,205.89999389648438,207.3000030517578,202.14999389648438,206.3000030517578,0,0.0,0
2020-07-27 10:15:00+05:30,205.64999389648438,208.3000030517578,205.5,207.3000030517578,3770068,0.0,0
2020-07-27 11:15:00+05:30,207.89999389648438,208.0500030517578,205.39999389648438,206.0,2144556,0.0,0
2020-07-27 12:15:00+05:30,206.10000610351562,206.6999969482422,205.39999389648438,206.0500030517578,1033309,0.0,0
2020-07-27 13:15:00+05:30,206.25,207.9499969482422,205.0,207.64999389648438,1716307,0.0,0
2020-07-27 14:15:00+05:30,205.5500030517578,208.9499969482422,205.39999389648438,207.25,3559099,0.0,0
2020-07-27 15:15:00+05:30,207.25,207.35000610351562,205.9499969482422,206.4499969482422,495933,0.0,0
2020-07-28 09:15:00+05:30,206.75,209.39999389648438,206.0,208.0,0,0.0,0
2020-07-28 10:15:00+05:30,208.0,210.4499969482422,207.85000610351562,209.85000610351562,1843256,0.0,0
2020-07-28 11:15:00+05:30,209.64999389648438,211.25,209.35000610351562,211.0,1459328,0.0,0
2020-07-28 12:15:00+05:30,210.3000030517578,212.3000030517578,210.1999969482422,211.6999969482422,1535131,0.0,0
2020-07-28 13:15:00+05:30,211.89999389648438,212.9499969482422,210.85000610351562,212.35000610351562,1056449,0.0,0
2020-07-28 14:15:00+05:30,212.5,217.10000610351562,211.8000030517578,216.75,5296699,0.0,0
2020-07-28 15:15:00+05:30,216.5,217.39999389648438,215.8000030517578,216.6999969482422,2802061,0.0,0
2020-07-29 09:15:00+05:30,216.25,219.5500030517578,214.0,214.35000610351562,2811075,0.0,0
2020-07-29 10:15:00+05:30,215.39999389648438,216.6999969482422,214.0,215.25,1142996,0.0,0
2020-07-29 11:15:00+05:30,215.75,215.9499969482422,214.8000030517578,214.89999389648438,587519,0.0,0
2020-07-29 12:15:00+05:30,215.0,215.5,214.1999969482422,214.25,414911,0.0,0
2020-07-29 13:15:00+05:30,215.1999969482422,215.4499969482422,213.89999389648438,214.4499969482422,535337,0.0,0
2020-07-29 14:15:00+05:30,215.0,216.25,214.3000030517578,216.10000610351562,2156120,0.0,0
2020-07-29 15:15:00+05:30,215.5,216.39999389648438,214.64999389648438,215.60000610351562,0,0.0,0
2020-07-30 09:15:00+05:30,216.0,219.8000030517578,214.75,219.64999389648438,862179,0.0,0
2020-07-30 10:15:00+05:30,218.64999389648438,220.0,218.4499969482422,219.60000610351562,1279893,0.0,0
2020-07-30 11:15:00+05:30,219.35000610351562,219.64999389648438,218.6999969482422,219.1999969482422,649960,0.0,0
2020-07-30 12:15:00+05:30,218.89999389648438,219.5,218.0500030517578,219.0,1044207,0.0,0
2020-07-30 13:15:00+05:30,218.39999389648438,219.89999389648438,218.0500030517578,219.0500030517578,1375708,0.0,0
2020-07-30 14:15:00+05:30,219.4499969482422,221.39999389648438,218.1999969482422,221.0500030517578,2717171,0.0,0
2020-07-30 15:15:00+05:30,220.35000610351562,222.14999389648438,220.35000610351562,221.25,2690094,0.0,0
2020-07-31 09:15:00+05:30,221.5500030517578,225.35000610351562,218.35000610351562,219.85000610351562,0,0.0,0
2020-07-31 10:15:00+05:30,220.0,220.9499969482422,217.60000610351562,219.25,1623136,0.0,0
2020-07-31 11:15:00+05:30,219.4499969482422,220.0,218.25,219.89999389648438,735418,0.0,0
2020-07-31 12:15:00+05:30,219.4499969482422,220.3000030517578,219.0,219.60000610351562,770156,0.0,0
2020-07-31 13:15:00+05:30,219.75,221.1999969482422,218.6999969482422,221.14999389648438,1123635,0.0,0
2020-07-31 14:15:00+05:30,219.9499969482422,221.3000030517578,218.75,220.14999389648438,1207969,0.0,0
2020-07-31 15:15:00+05:30,220.14999389648438,220.5,219.60000610351562,219.60000610351562,398723,0.0,0
2020-08-03 09:15:00+05:30,218.5500030517578,225.75,218.5500030517578,224.0,0,0.0,0
2020-08-03 10:15:00+05:30,224.25,225.64999389648438,223.0500030517578,225.35000610351562,2185145,0.0,0
2020-08-03 11:15:00+05:30,224.14999389648438,225.75,222.25,222.39999389648438,1863743,0.0,0
2020-08-03 12:15:00+05:30,223.9499969482422,224.0500030517578,222.0,222.5500030517578,1488014,0.0,0
2020-08-03 13:15:00+05:30,223.10000610351562,223.8000030517578,222.0,222.3000030517578,1010525,0.0,0
2020-08-03 14:15:00+05:30,222.5,222.60000610351562,221.0,221.10000610351562,1189425,0.0,0
2020-08-03 15:15:00+05:30,221.10000610351562,221.4499969482422,220.5500030517578,220.64999389648438,298247,0.0,0
2020-08-04 09:15:00+05:30,221.5,223.39999389648438,220.4499969482422,222.35000610351562,0,0.0,0
2020-08-04 10:15:00+05:30,220.5500030517578,222.75,220.5500030517578,221.89999389648438,1051125,0.0,0
2020-08-04 11:15:00+05:30,221.85000610351562,224.39999389648438,221.60000610351562,224.1999969482422,704507,0.0,0
2020-08-04 12:15:00+05:30,223.1999969482422,225.10000610351562,222.85000610351562,224.3000030517578,2032441,0.0,0
2020-08-04 13:15:00+05:30,223.89999389648438,224.89999389648438,223.14999389648438,223.5500030517578,906912,0.0,0
2020-08-04 14:15:00+05:30,223.5,223.75,221.64999389648438,221.64999389648438,1792564,0.0,0
2020-08-04 15:15:00+05:30,221.6999969482422,222.6999969482422,220.35000610351562,221.5500030517578,1212236,0.0,0
2020-08-05 09:15:00+05:30,221.60000610351562,224.10000610351562,221.60000610351562,222.85000610351562,0,0.0,0
2020-08-05 10:15:00+05:30,223.0,223.5,222.10000610351562,222.9499969482422,1619313,0.0,0
2020-08-05 11:15:00+05:30,223.3000030517578,223.3000030517578,219.25,220.1999969482422,2141516,0.0,0
2020-08-05 12:15:00+05:30,220.0,221.1999969482422,219.25,220.3000030517578,755780,0.0,0
2020-08-05 13:15:00+05:30,220.3000030517578,220.64999389648438,219.64999389648438,220.3000030517578,337262,0.0,0
2020-08-05 14:15:00+05:30,220.60000610351562,221.89999389648438,220.0,220.75,1008898,0.0,0
2020-08-05 15:15:00+05:30,221.0,221.60000610351562,220.35000610351562,220.89999389648438,720500,0.0,0
2020-08-06 09:15:00+05:30,221.10000610351562,224.3000030517578,221.10000610351562,223.5,0,0.0,0
2020-08-06 10:15:00+05:30,223.75,224.75,223.14999389648438,223.89999389648438,651317,0.0,0
2020-08-06 11:15:00+05:30,224.5500030517578,224.6999969482422,222.9499969482422,223.64999389648438,607605,0.0,0
2020-08-06 12:15:00+05:30,223.5500030517578,224.25,222.6999969482422,223.9499969482422,654185,0.0,0
2020-08-06 13:15:00+05:30,223.5500030517578,224.6999969482422,222.8000030517578,224.14999389648438,1374910,0.0,0
2020-08-06 14:15:00+05:30,224.0500030517578,224.6999969482422,222.9499969482422,223.14999389648438,968567,0.0,0
2020-08-06 15:15:00+05:30,223.1999969482422,223.5500030517578,222.10000610351562,223.39999389648438,453504,0.0,0
2020-08-07 09:15:00+05:30,222.39999389648438,226.14999389648438,222.14999389648438,223.60000610351562,0,0.0,0
2020-08-07 10:15:00+05:30,223.5500030517578,224.4499969482422,222.75,223.89999389648438,928968,0.0,0
2020-08-07 11:15:00+05:30,223.64999389648438,224.10000610351562,221.3000030517578,221.60000610351562,1039219,0.0,0
2020-08-07 12:15:00+05:30,222.9499969482422,223.1999969482422,219.85000610351562,220.25,1269582,0.0,0
2020-08-07 13:15:00+05:30,220.25,220.6999969482422,218.60000610351562,219.39999389648438,1460363,0.0,0
2020-08-07 14:15:00+05:30,220.10000610351562,220.39999389648438,218.60000610351562,219.85000610351562,1669671,0.0,0
2020-08-07 15:15:00+05:30,219.64999389648438,220.0,219.10000610351562,219.5500030517578,855937,0.0,0
2020-08-10 09:15:00+05:30,221.0,222.75,220.0,220.60000610351562,0,0.0,0
2020-08-10 10:15:00+05:30,222.10000610351562,222.14999389648438,219.60000610351562,221.64999389648438,808653,0.0,0
2020-08-10 11:15:00+05:30,220.85000610351562,222.0,219.6999969482422,220.60000610351562,788378,0.0,0
2020-08-10 12:15:00+05:30,220.60000610351562,222.5,220.10000610351562,222.4499969482422,659171,0.0,0
2020-08-10 13:15:00+05:30,222.0,223.5,221.5,222.0,1071575,0.0,0
2020-08-10 14:15:00+05:30,222.5,223.0,221.3000030517578,221.4499969482422,625771,0.0,0
2020-08-10 15:15:00+05:30,221.39999389648438,222.6999969482422,221.25,222.5,180462,0.0,0
2020-08-11 09:15:00+05:30,222.85000610351562,224.1999969482422,221.5,222.64999389648438,0,0.0,0
2020-08-11 10:15:00+05:30,222.14999389648438,224.4499969482422,221.64999389648438,223.8000030517578,2327080,0.0,0
2020-08-11 11:15:00+05:30,223.8000030517578,229.0,223.0500030517578,228.85000610351562,4242892,0.0,0
2020-08-11 12:15:00+05:30,228.25,229.1999969482422,225.25,225.64999389648438,2352339,0.0,0
2020-08-11 13:15:00+05:30,225.9499969482422,226.1999969482422,223.6999969482422,224.35000610351562,1769872,0.0,0
2020-08-11 14:15:00+05:30,224.39999389648438,224.9499969482422,222.6999969482422,222.75,1339325,0.0,0
2020-08-11 15:15:00+05:30,223.8000030517578,223.9499969482422,221.75,222.75,839437,0.0,0
2020-08-12 09:15:00+05:30,222.5,223.0500030517578,219.60000610351562,220.25,0,0.0,0
2020-08-12 10:15:00+05:30,220.9499969482422,221.5,219.60000610351562,220.4499969482422,548515,0.0,0
2020-08-12 11:15:00+05:30,220.75,220.9499969482422,219.8000030517578,220.39999389648438,411107,0.0,0
2020-08-12 12:15:00+05:30,220.3000030517578,220.60000610351562,219.60000610351562,220.4499969482422,607509,0.0,0
2020-08-12 13:15:00+05:30,219.8000030517578,221.0,219.64999389648438,220.6999969482422,549030,0.0,0
2020-08-12 14:15:00+05:30,220.60000610351562,222.14999389648438,220.3000030517578,221.9499969482422,562473,0.0,0
2020-08-12 15:15:00+05:30,221.10000610351562,222.39999389648438,221.10000610351562,221.8000030517578,552112,0.0,0
2020-08-13 09:15:00+05:30,221.89999389648438,224.8000030517578,221.89999389648438,223.3000030517578,0,0.0,0
2020-08-13 10:15:00+05:30,223.4499969482422,223.89999389648438,221.1999969482422,222.3000030517578,757092,0.0,0
2020-08-13 11:15:00+05:30,221.85000610351562,222.89999389648438,221.5500030517578,222.39999389648438,314146,0.0,0
2020-08-13 12:15:00+05:30,222.5500030517578,224.0,222.0,223.39999389648438,410786,0.0,0
2020-08-13 13:15:00+05:30,223.89999389648438,224.0,222.60000610351562,222.60000610351562,319048,0.0,0
2020-08-13 14:15:00+05:30,223.6999969482422,224.0,219.85000610351562,222.3000030517578,883287,0.0,0
2020-08-13 15:15:00+05:30,222.14999389648438,222.85000610351562,221.3000030517578,221.35000610351562,344968,0.0,0
2020-08-14 09:15:00+05:30,221.60000610351562,224.25,221.1999969482422,223.4499969482422,0,0.0,0
2020-08-14 10:15:00+05:30,223.1999969482422,223.89999389648438,220.75,221.89999389648438,975296,0.0,0
2020-08-14 11:15:00+05:30,221.64999389648438,224.5500030517578,220.75,224.14999389648438,617332,0.0,0
2020-08-14 12:15:00+05:30,223.39999389648438,224.5500030517578,222.89999389648438,223.4499969482422,392014,0.0,0
2020-08-14 13:15:00+05:30,223.35000610351562,223.8000030517578,221.14999389648438,221.64999389648438,675676,0.0,0
2020-08-14 14:15:00+05:30,222.14999389648438,222.14999389648438,218.85000610351562,220.64999389648438,1610249,0.0,0
2020-08-14 15:15:00+05:30,220.85000610351562,221.39999389648438,220.0,220.75,430195,0.0,0
2020-08-17 09:15:00+05:30,221.75,222.89999389648438,218.10000610351562,219.39999389648438,0,0.0,0
2020-08-17 10:15:00+05:30,219.8000030517578,220.5,218.5500030517578,219.6999969482422,498313,0.0,0
2020-08-17 11:15:00+05:30,219.0,220.5,218.89999389648438,219.9499969482422,581995,0.0,0
2020-08-17 12:15:00+05:30,220.10000610351562,220.5,218.5500030517578,219.0500030517578,1232558,0.0,0
2020-08-17 13:15:00+05:30,218.85000610351562,219.35000610351562,218.25,218.75,409939,0.0,0
2020-08-17 14:15:00+05:30,218.89999389648438,219.85000610351562,218.39999389648438,219.60000610351562,479644,0.0,0
2020-08-17 15:15:00+05:30,219.60000610351562,219.6999969482422,219.0,219.35000610351562,506917,0.0,0
2020-08-18 09:15:00+05:30,220.1999969482422,224.4499969482422,219.8000030517578,224.0,0,0.0,0
2020-08-18 10:15:00+05:30,223.5500030517578,227.10000610351562,223.3000030517578,226.0,2176315,0.0,0
2020-08-18 11:15:00+05:30,226.0,226.8000030517578,223.8000030517578,224.89999389648438,1934019,0.0,0
2020-08-18 12:15:00+05:30,224.85000610351562,226.0,224.4499969482422,224.6999969482422,741833,0.0,0
2020-08-18 13:15:00+05:30,225.39999389648438,225.9499969482422,224.4499969482422,225.64999389648438,647396,0.0,0
2020-08-18 14:15:00+05:30,225.5500030517578,228.6999969482422,225.25,227.89999389648438,1780482,0.0,0
2020-08-18 15:15:00+05:30,228.0,229.14999389648438,227.85000610351562,228.14999389648438,587968,0.0,0
2020-08-19 09:15:00+05:30,230.0500030517578,231.8000030517578,227.39999389648438,228.10000610351562,0,0.0,0
2020-08-19 10:15:00+05:30,228.64999389648438,229.4499969482422,226.85000610351562,227.75,1422636,0.0,0
2020-08-19 11:15:00+05:30,227.35000610351562,228.14999389648438,227.35000610351562,227.85000610351562,347719,0.0,0
2020-08-19 12:15:00+05:30,227.89999389648438,229.1999969482422,227.10000610351562,227.35000610351562,690441,0.0,0
2020-08-19 13:15:00+05:30,227.1999969482422,228.3000030517578,227.14999389648438,227.8000030517578,433979,0.0,0
2020-08-19 14:15:00+05:30,227.89999389648438,228.0,225.75,227.60000610351562,793950,0.0,0
2020-08-19 15:15:00+05:30,227.25,228.0,225.75,226.9499969482422,1023975,0.0,0
2020-08-20 09:15:00+05:30,224.8000030517578,225.85000610351562,224.0,225.5,0,0.0,0
2020-08-20 10:15:00+05:30,225.25,228.3000030517578,224.64999389648438,226.75,754462,0.0,0
2020-08-20 11:15:00+05:30,227.39999389648438,227.39999389648438,226.0,226.39999389648438,187805,0.0,0
2020-08-20 12:15:00+05:30,226.64999389648438,227.10000610351562,226.0,226.64999389648438,216616,0.0,0
2020-08-20 13:15:00+05:30,226.5500030517578,227.5,224.89999389648438,225.39999389648438,433190,0.0,0
2020-08-20 14:15:00+05:30,225.35000610351562,225.9499969482422,224.85000610351562,225.60000610351562,342012,0.0,0
2020-08-20 15:15:00+05:30,224.9499969482422,225.75,224.39999389648438,225.35000610351562,363781,0.0,0
2020-08-21 09:15:00+05:30,226.60000610351562,227.39999389648438,225.35000610351562,225.35000610351562,0,0.0,0
2020-08-21 10:15:00+05:30,227.10000610351562,227.39999389648438,225.3000030517578,227.35000610351562,553806,0.0,0
2020-08-21 11:15:00+05:30,226.35000610351562,228.6999969482422,226.25,227.9499969482422,560325,0.0,0
2020-08-21 12:15:00+05:30,227.60000610351562,228.6999969482422,227.10000610351562,227.1999969482422,324027,0.0,0
2020-08-21 13:15:00+05:30,227.75,227.85000610351562,226.10000610351562,226.39999389648438,238481,0.0,0
2020-08-21 14:15:00+05:30,226.3000030517578,226.5,224.4499969482422,226.39999389648438,657432,0.0,0
2020-08-21 15:15:00+05:30,224.9499969482422,226.89999389648438,224.4499969482422,225.9499969482422,588861,0.0,0
2020-08-24 09:15:00+05:30,226.5,227.14999389648438,224.8000030517578,225.5,0,0.0,0
2020-08-24 10:15:00+05:30,226.14999389648438,226.35000610351562,223.5500030517578,223.75,946105,0.0,0
2020-08-24 11:15:00+05:30,224.39999389648438,225.5,223.14999389648438,223.9499969482422,693574,0.0,0
2020-08-24 12:15:00+05:30,223.39999389648438,224.89999389648438,223.14999389648438,224.4499969482422,706754,0.0,0
2020-08-24 13:15:00+05:30,224.5,224.89999389648438,223.9499969482422,224.5500030517578,349637,0.0,0
2020-08-24 14:15:00+05:30,224.6999969482422,225.5,224.0500030517578,224.0500030517578,630590,0.0,0
2020-08-24 15:15:00+05:30,224.14999389648438,224.60000610351562,223.4499969482422,224.1999969482422,587391,0.0,0
2020-08-25 09:15:00+05:30,224.85000610351562,225.89999389648438,222.35000610351562,223.25,0,0.0,0
2020-08-25 10:15:00+05:30,222.5,223.35000610351562,221.35000610351562,222.10000610351562,613182,0.0,0
2020-08-25 11:15:00+05:30,222.1999969482422,222.64999389648438,221.75,222.3000030517578,182823,0.0,0
2020-08-25 12:15:00+05:30,222.3000030517578,222.9499969482422,221.6999969482422,221.75,175779,0.0,0
2020-08-25 13:15:00+05:30,222.0500030517578,222.60000610351562,221.5,221.60000610351562,216974,0.0,0
2020-08-25 14:15:00+05:30,222.0500030517578,222.5,221.14999389648438,222.3000030517578,607275,0.0,0
2020-08-25 15:15:00+05:30,221.4499969482422,223.75,221.25,222.35000610351562,832629,0.0,0
2020-08-26 09:15:00+05:30,223.5500030517578,223.5500030517578,220.64999389648438,221.10000610351562,0,0.0,0
2020-08-26 10:15:00+05:30,221.64999389648438,222.14999389648438,220.25,220.9499969482422,822538,0.0,0
2020-08-26 11:15:00+05:30,220.75,221.9499969482422,220.25,220.8000030517578,367186,0.0,0
2020-08-26 12:15:00+05:30,220.85000610351562,221.1999969482422,219.60000610351562,220.0,1040682,0.0,0
2020-08-26 13:15:00+05:30,220.85000610351562,221.0,219.60000610351562,220.5500030517578,1113860,0.0,0
2020-08-26 14:15:00+05:30,220.4499969482422,221.3000030517578,220.25,221.0500030517578,517267,0.0,0
2020-08-26 15:15:00+05:30,220.75,221.5,220.4499969482422,220.85000610351562,503407,0.0,0
2020-08-27 09:15:00+05:30,222.0,223.60000610351562,221.25,221.89999389648438,0,0.0,0
2020-08-27 10:15:00+05:30,221.6999969482422,222.0500030517578,220.60000610351562,220.9499969482422,253360,0.0,0
2020-08-27 11:15:00+05:30,220.89999389648438,221.25,220.25,220.60000610351562,410938,0.0,0
2020-08-27 12:15:00+05:30,220.3000030517578,222.0,220.25,221.39999389648438,444642,0.0,0
2020-08-27 13:15:00+05:30,221.5,221.6999969482422,221.0500030517578,221.4499969482422,194170,0.0,0
2020-08-27 14:15:00+05:30,221.39999389648438,222.5,220.8000030517578,222.0,1116648,0.0,0
2020-08-27 15:15:00+05:30,221.5500030517578,222.5,220.5500030517578,221.35000610351562,1067052,0.0,0
2020-08-28 09:15:00+05:30,222.5,225.10000610351562,222.25,222.89999389648438,0,0.0,0
2020-08-28 10:15:00+05:30,223.8000030517578,224.35000610351562,221.89999389648438,222.5500030517578,1013408,0.0,0
2020-08-28 11:15:00+05:30,222.85000610351562,223.39999389648438,221.39999389648438,221.75,1130681,0.0,0
2020-08-28 12:15:00+05:30,221.64999389648438,222.39999389648438,220.64999389648438,221.1999969482422,457791,0.0,0
2020-08-28 13:15:00+05:30,221.6999969482422,222.10000610351562,220.39999389648438,221.85000610351562,1445230,0.0,0
2020-08-28 14:15:00+05:30,222.0,223.1999969482422,221.14999389648438,222.5,1787191,0.0,0
2020-08-28 15:15:00+05:30,222.5,222.60000610351562,221.89999389648438,222.60000610351562,149422,0.0,0
2020-08-31 09:15:00+05:30,222.5,224.10000610351562,221.25,221.64999389648438,0,0.0,0
2020-08-31 10:15:00+05:30,221.75,222.14999389648438,219.85000610351562,220.0,717975,0.0,0
2020-08-31 11:15:00+05:30,220.6999969482422,220.9499969482422,214.9499969482422,216.64999389648438,1191488,0.0,0
2020-08-31 12:15:00+05:30,216.60000610351562,217.8000030517578,214.10000610351562,214.5,602483,0.0,0
2020-08-31 13:15:00+05:30,215.89999389648438,216.0,210.0500030517578,210.64999389648438,2212497,0.0,0
2020-08-31 14:15:00+05:30,211.25,212.0,208.5500030517578,210.85000610351562,1908188,0.0,0
2020-08-31 15:15:00+05:30,210.9499969482422,211.25,208.64999389648438,208.64999389648438,377711,0.0,0
2020-09-01 09:15:00+05:30,211.5,212.25,208.64999389648438,211.14999389648438,0,0.0,0
2020-09-01 10:15:00+05:30,211.0,211.3000030517578,208.39999389648438,208.6999969482422,777428,0.0,0
2020-09-01 11:15:00+05:30,209.3000030517578,210.4499969482422,208.39999389648438,209.5,979661,0.0,0
2020-09-01 12:15:00+05:30,209.10000610351562,212.5500030517578,208.64999389648438,211.8000030517578,819872,0.0,0
2020-09-01 13:15:00+05:30,211.5,212.5500030517578,210.5500030517578,211.8000030517578,589985,0.0,0
2020-09-01 14:15:00+05:30,211.60000610351562,214.35000610351562,211.0500030517578,212.3000030517578,2111005,0.0,0
2020-09-01 15:15:00+05:30,212.35000610351562,213.9499969482422,212.25,213.10000610351562,449434,0.0,0
2020-09-02 09:15:00+05:30,213.75,215.0,211.25,213.75,18080,0.0,0
2020-09-02 10:15:00+05:30,214.60000610351562,214.75,213.5,213.64999389648438,1190809,0.0,0
2020-09-02 11:15:00+05:30,213.75,214.64999389648438,213.5500030517578,214.3000030517578,536253,0.0,0
2020-09-02 12:15:00+05:30,214.39999389648438,216.3000030517578,214.0500030517578,215.75,946703,0.0,0
2020-09-02 13:15:00+05:30,215.8000030517578,217.3000030517578,215.25,216.25,1090753,0.0,0
2020-09-02 14:15:00+05:30,216.1999969482422,217.14999389648438,215.25,216.4499969482422,1800906,0.0,0
2020-09-02 15:15:00+05:30,216.64999389648438,218.4499969482422,216.14999389648438,217.5,735957,0.0,0
2020-09-03 09:15:00+05:30,218.3000030517578,219.89999389648438,215.4499969482422,215.5500030517578,0,0.0,0
2020-09-03 10:15:00+05:30,216.0,217.35000610351562,214.8000030517578,216.6999969482422,1472972,0.0,0
2020-09-03 11:15:00+05:30,216.10000610351562,217.25,214.3000030517578,215.3000030517578,987562,0.0,0
2020-09-03 12:15:00+05:30,215.35000610351562,215.8000030517578,213.5,214.5,896287,0.0,0
2020-09-03 13:15:00+05:30,213.64999389648438,215.25,213.64999389648438,214.1999969482422,502004,0.0,0
2020-09-03 14:15:00+05:30,214.4499969482422,215.3000030517578,213.64999389648438,214.64999389648438,912754,0.0,0
2020-09-03 15:15:00+05:30,214.64999389648438,215.0500030517578,214.0500030517578,214.0500030517578,279422,0.0,0
2020-09-04 09:15:00+05:30,210.8000030517578,212.60000610351562,210.0,211.89999389648438,50267,0.0,0
2020-09-04 10:15:00+05:30,212.5,212.60000610351562,210.6999969482422,211.0500030517578,1286516,0.0,0
2020-09-04 11:15:00+05:30,211.4499969482422,211.64999389648438,209.60000610351562,210.25,1448503,0.0,0
2020-09-04 12:15:00+05:30,210.3000030517578,211.10000610351562,209.60000610351562,210.89999389648438,507674,0.0,0
2020-09-04 13:15:00+05:30,210.60000610351562,211.85000610351562,210.5,211.1999969482422,932166,0.0,0
2020-09-04 14:15:00+05:30,211.1999969482422,211.85000610351562,207.8000030517578,209.3000030517578,1398966,0.0,0
2020-09-04 15:15:00+05:30,209.35000610351562,209.64999389648438,207.0,208.5,1084814,0.0,0
2020-09-07 09:15:00+05:30,208.5,209.89999389648438,206.5,207.3000030517578,0,0.0,0
2020-09-07 10:15:00+05:30,207.5,210.5,206.5,209.75,1116517,0.0,0
2020-09-07 11:15:00+05:30,209.1999969482422,210.5,208.0,209.4499969482422,1096072,0.0,0
2020-09-07 12:15:00+05:30,208.35000610351562,212.10000610351562,208.25,211.9499969482422,1024307,0.0,0
2020-09-07 13:15:00+05:30,210.39999389648438,212.35000610351562,210.39999389648438,211.1999969482422,1189739,0.0,0
2020-09-07 14:15:00+05:30,211.4499969482422,211.6999969482422,209.39999389648438,210.64999389648438,1118895,0.0,0
2020-09-07 15:15:00+05:30,210.5500030517578,211.0500030517578,209.85000610351562,210.5500030517578,854242,0.0,0
2020-09-08 09:15:00+05:30,209.60000610351562,210.3000030517578,207.39999389648438,208.5,0,0.0,0
2020-09-08 10:15:00+05:30,208.0,209.6999969482422,207.85000610351562,208.5500030517578,698018,0.0,0
2020-09-08 11:15:00+05:30,209.1999969482422,209.6999969482422,207.75,208.1999969482422,320980,0.0,0
2020-09-08 12:15:00+05:30,207.9499969482422,208.4499969482422,207.75,208.14999389648438,226982,0.0,0
2020-09-08 13:15:00+05:30,208.10000610351562,208.6999969482422,207.25,208.1999969482422,599526,0.0,0
2020-09-08 14:15:00+05:30,208.0500030517578,208.39999389648438,205.6999969482422,207.10000610351562,748514,0.0,0
2020-09-08 15:15:00+05:30,206.85000610351562,207.25,205.6999969482422,206.5,513845,0.0,0
2020-09-09 09:15:00+05:30,204.9499969482422,207.6999969482422,204.39999389648438,207.25,266216,0.0,0
2020-09-09 10:15:00+05:30,205.0500030517578,209.14999389648438,205.0500030517578,207.8000030517578,1815963,0.0,0
2020-09-09 11:15:00+05:30,207.5500030517578,208.5,206.35000610351562,207.0,612101,0.0,0
2020-09-09 12:15:00+05:30,207.6999969482422,208.1999969482422,206.35000610351562,208.10000610351562,324101,0.0,0
2020-09-09 13:15:00+05:30,207.25,208.9499969482422,207.0500030517578,208.14999389648438,376073,0.0,0
2020-09-09 14:15:00+05:30,208.89999389648438,209.60000610351562,207.8000030517578,209.1999969482422,615317,0.0,0
2020-09-09 15:15:00+05:30,209.5,210.5,208.9499969482422,209.4499969482422,732033,0.0,0
2020-09-10 09:15:00+05:30,211.0,211.89999389648438,209.5,209.9499969482422,100055,0.0,0
2020-09-10 10:15:00+05:30,210.8000030517578,211.14999389648438,208.0500030517578,208.14999389648438,734979,0.0,0
2020-09-10 11:15:00+05:30,208.10000610351562,209.10000610351562,207.64999389648438,208.10000610351562,627221,0.0,0
2020-09-10 12:15:00+05:30,208.5,208.5,207.35000610351562,207.9499969482422,257723,0.0,0
2020-09-10 13:15:00+05:30,207.60000610351562,209.5,207.4499969482422,209.25,543410,0.0,0
2020-09-10 14:15:00+05:30,208.5500030517578,212.6999969482422,208.5,212.60000610351562,1262953,0.0,0
2020-09-10 15:15:00+05:30,210.9499969482422,214.3000030517578,210.9499969482422,212.9499969482422,943405,0.0,0
2020-09-11 09:15:00+05:30,212.5500030517578,214.0,211.1999969482422,213.85000610351562,0,0.0,0
2020-09-11 10:15:00+05:30,213.6999969482422,214.39999389648438,212.6999969482422,212.89999389648438,517480,0.0,0
2020-09-11 11:15:00+05:30,213.8000030517578,213.8000030517578,211.75,213.14999389648438,376296,0.0,0
2020-09-11 12:15:00+05:30,212.4499969482422,214.25,211.5500030517578,212.0,539596,0.0,0
2020-09-11 13:15:00+05:30,212.9499969482422,213.0,211.14999389648438,211.8000030517578,528003,0.0,0
2020-09-11 14:15:00+05:30,211.5,212.85000610351562,211.14999389648438,212.60000610351562,390209,0.0,0
2020-09-11 15:15:00+05:30,212.10000610351562,212.9499969482422,211.75,212.4499969482422,386801,0.0,0
2020-09-14 09:15:00+05:30,214.3000030517578,217.0,213.60000610351562,214.5500030517578,0,0.0,0
2020-09-14 10:15:00+05:30,215.8000030517578,215.8000030517578,212.4499969482422,213.0,2349706,0.0,0
2020-09-14 11:15:00+05:30,212.6999969482422,214.0,212.4499969482422,213.25,803419,0.0,0
2020-09-14 12:15:00+05:30,213.64999389648438,214.0,212.5,212.60000610351562,649034,0.0,0
2020-09-14 13:15:00+05:30,213.0,214.10000610351562,210.89999389648438,211.1999969482422,1330106,0.0,0
2020-09-14 14:15:00+05:30,212.1999969482422,212.75,210.0,211.35000610351562,1766568,0.0,0
2020-09-14 15:15:00+05:30,211.3000030517578,212.39999389648438,209.8000030517578,211.10000610351562,1029723,0.0,0
2020-09-15 09:15:00+05:30,210.9499969482422,215.9499969482422,210.9499969482422,215.3000030517578,0,0.0,0
2020-09-15 10:15:00+05:30,212.75,215.9499969482422,212.64999389648438,214.5500030517578,1085846,0.0,0
2020-09-15 11:15:00+05:30,214.85000610351562,215.60000610351562,214.35000610351562,215.5500030517578,525371,0.0,0
2020-09-15 12:15:00+05:30,215.4499969482422,216.5,215.0500030517578,215.60000610351562,555003,0.0,0
2020-09-15 13:15:00+05:30,215.9499969482422,216.89999389648438,215.25,216.39999389648438,559731,0.0,0
2020-09-15 14:15:00+05:30,216.3000030517578,217.6999969482422,216.0500030517578,217.5500030517578,837876,0.0,0
2020-09-15 15:15:00+05:30,217.3000030517578,217.85000610351562,216.6999969482422,217.4499969482422,1044511,0.0,0
2020-09-16 09:15:00+05:30,217.8000030517578,220.60000610351562,217.8000030517578,219.10000610351562,151551,0.0,0
2020-09-16 10:15:00+05:30,218.89999389648438,221.0,217.0,217.8000030517578,2276280,0.0,0
2020-09-16 11:15:00+05:30,218.6999969482422,218.89999389648438,216.10000610351562,217.89999389648438,1394379,0.0,0
2020-09-16 12:15:00+05:30,217.75,218.39999389648438,217.0500030517578,217.5500030517578,518163,0.0,0
2020-09-16 13:15:00+05:30,217.89999389648438,219.0,217.3000030517578,219.0,843907,0.0,0
2020-09-16 14:15:00+05:30,217.85000610351562,219.39999389648438,217.64999389648438,218.60000610351562,907258,0.0,0
2020-09-16 15:15:00+05:30,218.6999969482422,219.0,217.85000610351562,218.60000610351562,688882,0.0,0
2020-09-17 09:15:00+05:30,218.0500030517578,222.6999969482422,217.39999389648438,221.75,0,0.0,0
2020-09-17 10:15:00+05:30,222.0,222.6999969482422,219.85000610351562,220.25,1851333,0.0,0
2020-09-17 11:15:00+05:30,220.25,220.5,219.14999389648438,220.39999389648438,722670,0.0,0
2020-09-17 12:15:00+05:30,219.89999389648438,220.5,219.1999969482422,220.10000610351562,892727,0.0,0
2020-09-17 13:15:00+05:30,219.4499969482422,221.64999389648438,219.4499969482422,221.14999389648438,830077,0.0,0
2020-09-17 14:15:00+05:30,221.0,221.75,219.5500030517578,220.6999969482422,1160369,0.0,0
2020-09-17 15:15:00+05:30,221.10000610351562,221.25,219.5500030517578,220.3000030517578,927989,0.0,0
2020-09-18 09:15:00+05:30,221.6999969482422,222.8000030517578,219.60000610351562,220.0,0,0.0,0
2020-09-18 10:15:00+05:30,220.5,220.64999389648438,217.8000030517578,218.5500030517578,686707,0.0,0
2020-09-18 11:15:00+05:30,218.4499969482422,221.75,217.8000030517578,221.60000610351562,756678,0.0,0
2020-09-18 12:15:00+05:30,220.1999969482422,222.0,219.60000610351562,219.64999389648438,872050,0.0,0
2020-09-18 13:15:00+05:30,219.8000030517578,220.0,218.60000610351562,219.5,684897,0.0,0
2020-09-18 14:15:00+05:30,218.9499969482422,220.4499969482422,217.0500030517578,220.10000610351562,1540692,0.0,0
2020-09-18 15:15:00+05:30,218.4499969482422,220.6999969482422,218.4499969482422,220.0,1521698,0.0,0
2020-09-21 09:15:00+05:30,220.0,220.0500030517578,215.0500030517578,215.85000610351562,0,0.0,0
2020-09-21 10:15:00+05:30,216.14999389648438,217.3000030517578,214.14999389648438,214.39999389648438,713416,0.0,0
2020-09-21 11:15:00+05:30,215.9499969482422,216.5,214.14999389648438,215.39999389648438,876419,0.0,0
2020-09-21 12:15:00+05:30,215.4499969482422,216.0,213.89999389648438,214.1999969482422,330499,0.0,0
2020-09-21 13:15:00+05:30,214.8000030517578,214.89999389648438,210.9499969482422,211.25,821517,0.0,0
2020-09-21 14:15:00+05:30,212.5,212.8000030517578,209.89999389648438,210.14999389648438,723708,0.0,0
2020-09-21 15:15:00+05:30,210.1999969482422,211.10000610351562,207.75,209.75,367342,0.0,0
2020-09-22 09:15:00+05:30,208.0,209.4499969482422,203.14999389648438,204.64999389648438,0,0.0,0
2020-09-22 10:15:00+05:30,203.6999969482422,207.85000610351562,203.14999389648438,207.5500030517578,1108589,0.0,0
2020-09-22 11:15:00+05:30,206.6999969482422,210.5,206.4499969482422,208.89999389648438,1119921,0.0,0
2020-09-22 12:15:00+05:30,208.39999389648438,209.85000610351562,207.75,208.39999389648438,798525,0.0,0
2020-09-22 13:15:00+05:30,209.64999389648438,209.85000610351562,205.8000030517578,206.14999389648438,740803,0.0,0
2020-09-22 14:15:00+05:30,206.1999969482422,208.5500030517578,205.75,206.64999389648438,616964,0.0,0
2020-09-22 15:15:00+05:30,206.0,207.85000610351562,205.3000030517578,206.8000030517578,472692,0.0,0
2020-09-23 09:15:00+05:30,206.8000030517578,208.8000030517578,205.5,206.9499969482422,0,0.0,0
2020-09-23 10:15:00+05:30,207.9499969482422,209.3000030517578,206.5500030517578,209.3000030517578,949452,0.0,0
2020-09-23 11:15:00+05:30,208.0,211.14999389648438,207.39999389648438,209.0,1571672,0.0,0
2020-09-23 12:15:00+05:30,209.64999389648438,210.14999389648438,206.8000030517578,207.35000610351562,1035973,0.0,0
2020-09-23 13:15:00+05:30,207.3000030517578,208.14999389648438,204.5500030517578,204.85000610351562,1151695,0.0,0
2020-09-23 14:15:00+05:30,205.75,209.64999389648438,204.5500030517578,209.10000610351562,1291261,0.0,0
2020-09-23 15:15:00+05:30,208.64999389648438,211.39999389648438,207.5,209.25,501688,0.0,0
2020-09-24 09:15:00+05:30,207.0,208.10000610351562,204.35000610351562,204.75,0,0.0,0
2020-09-24 10:15:00+05:30,205.1999969482422,205.4499969482422,203.0,203.14999389648438,651744,0.0,0
2020-09-24 11:15:00+05:30,203.5,204.10000610351562,202.4499969482422,202.8000030517578,410500,0.0,0
2020-09-24 12:15:00+05:30,203.10000610351562,204.60000610351562,202.3000030517578,202.8000030517578,847497,0.0,0
2020-09-24 13:15:00+05:30,203.6999969482422,204.0,199.5,200.3000030517578,1119132,0.0,0
2020-09-24 14:15:00+05:30,200.4499969482422,200.85000610351562,197.60000610351562,197.6999969482422,1268049,0.0,0
2020-09-24 15:15:00+05:30,199.75,199.85000610351562,197.5500030517578,198.25,999780,0.0,0
2020-09-25 09:15:00+05:30,201.64999389648438,203.64999389648438,199.0,199.5500030517578,0,0.0,0
2020-09-25 10:15:00+05:30,200.75,201.64999389648438,199.0,201.14999389648438,913474,0.0,0
2020-09-25 11:15:00+05:30,199.89999389648438,202.0,199.5,200.89999389648438,686550,0.0,0
2020-09-25 12:15:00+05:30,200.0,204.0,199.75,203.5500030517578,1207302,0.0,0
2020-09-25 13:15:00+05:30,203.25,204.89999389648438,202.75,204.75,899262,0.0,0
2020-09-25 14:15:00+05:30,203.9499969482422,206.5,203.5500030517578,205.4499969482422,1701675,0.0,0
2020-09-25 15:15:00+05:30,205.3000030517578,206.6999969482422,204.9499969482422,206.25,279121,0.0,0
2020-09-28 09:15:00+05:30,206.60000610351562,209.5,205.75,208.64999389648438,0,0.0,0
2020-09-28 10:15:00+05:30,209.39999389648438,209.89999389648438,208.10000610351562,208.6999969482422,571042,0.0,0
2020-09-28 11:15:00+05:30,209.0,209.39999389648438,208.1999969482422,208.4499969482422,401728,0.0,0
2020-09-28 12:15:00+05:30,208.60000610351562,210.5,207.4499969482422,210.35000610351562,582248,0.0,0
2020-09-28 13:15:00+05:30,208.9499969482422,211.8000030517578,208.5500030517578,211.64999389648438,697370,0.0,0
2020-09-28 14:15:00+05:30,211.0,211.8000030517578,210.64999389648438,211.64999389648438,595109,0.0,0
2020-09-28 15:15:00+05:30,211.64999389648438,212.5500030517578,211.4499969482422,212.0,225142,0.0,0
2020-09-29 09:15:00+05:30,213.8000030517578,217.60000610351562,213.5,214.4499969482422,0,0.0,0
2020-09-29 10:15:00+05:30,213.89999389648438,215.85000610351562,213.8000030517578,214.85000610351562,818735,0.0,0
2020-09-29 11:15:00+05:30,214.6999969482422,214.9499969482422,213.14999389648438,213.14999389648438,766330,0.0,0
2020-09-29 12:15:00+05:30,214.35000610351562,214.35000610351562,210.8000030517578,212.85000610351562,1078325,0.0,0
2020-09-29 13:15:00+05:30,212.8000030517578,216.4499969482422,212.25,216.35000610351562,1522623,0.0,0
2020-09-29 14:15:00+05:30,215.14999389648438,218.5,215.0,216.75,1957530,0.0,0
2020-09-29 15:15:00+05:30,216.5500030517578,217.39999389648438,215.75,216.64999389648438,1234768,0.0,0
2020-09-30 09:15:00+05:30,218.0,218.14999389648438,215.0500030517578,215.64999389648438,0,0.0,0
2020-09-30 10:15:00+05:30,216.6999969482422,216.85000610351562,215.10000610351562,215.60000610351562,860697,0.0,0
2020-09-30 11:15:00+05:30,216.0500030517578,216.1999969482422,214.5,214.89999389648438,816337,0.0,0
2020-09-30 12:15:00+05:30,215.5,217.64999389648438,213.89999389648438,217.10000610351562,1270590,0.0,0
2020-09-30 13:15:00+05:30,216.8000030517578,218.25,216.60000610351562,218.0,888895,0.0,0
2020-09-30 14:15:00+05:30,218.10000610351562,218.14999389648438,216.60000610351562,216.9499969482422,836447,0.0,0
2020-09-30 15:15:00+05:30,217.5,217.6999969482422,216.5500030517578,217.0,833330,0.0,0
2020-10-01 09:15:00+05:30,218.1999969482422,221.5,217.64999389648438,219.89999389648438,0,0.0,0
2020-10-01 10:15:00+05:30,221.25,221.5,218.5500030517578,220.1999969482422,1379868,0.0,0
2020-10-01 11:15:00+05:30,219.35000610351562,221.0500030517578,219.0500030517578,219.8000030517578,503577,0.0,0
2020-10-01 12:15:00+05:30,220.60000610351562,221.9499969482422,219.8000030517578,221.3000030517578,949872,0.0,0
2020-10-01 13:15:00+05:30,221.25,221.89999389648438,220.5,220.75,487612,0.0,0
2020-10-01 14:15:00+05:30,221.1999969482422,221.4499969482422,220.39999389648438,221.14999389648438,719792,0.0,0
2020-10-01 15:15:00+05:30,221.10000610351562,221.5,220.8000030517578,221.4499969482422,465647,0.0,0
2020-10-05 09:15:00+05:30,221.1999969482422,224.1999969482422,219.6999969482422,220.5,0,0.0,0
2020-10-05 10:15:00+05:30,220.6999969482422,221.10000610351562,219.60000610351562,220.1999969482422,860952,0.0,0
2020-10-05 11:15:00+05:30,220.0500030517578,220.64999389648438,219.89999389648438,220.0,601942,0.0,0
2020-10-05 12:15:00+05:30,220.10000610351562,221.4499969482422,219.89999389648438,221.0,722493,0.0,0
2020-10-05 13:15:00+05:30,220.9499969482422,221.60000610351562,220.39999389648438,221.1999969482422,469462,0.0,0
2020-10-05 14:15:00+05:30,221.1999969482422,221.60000610351562,220.5,221.35000610351562,541861,0.0,0
2020-10-05 15:15:00+05:30,221.3000030517578,222.0,221.25,221.5500030517578,186947,0.0,0
2020-10-06 09:15:00+05:30,223.0,223.35000610351562,220.10000610351562,223.10000610351562,0,0.0,0
2020-10-06 10:15:00+05:30,220.5500030517578,223.35000610351562,220.35000610351562,222.35000610351562,1268652,0.0,0
2020-10-06 11:15:00+05:30,222.4499969482422,223.8000030517578,221.9499969482422,223.5500030517578,1392169,0.0,0
2020-10-06 12:15:00+05:30,223.10000610351562,224.0,222.4499969482422,223.60000610351562,1061398,0.0,0
2020-10-06 13:15:00+05:30,223.39999389648438,223.75,222.4499969482422,223.0500030517578,1006218,0.0,0
2020-10-06 14:15:00+05:30,223.10000610351562,225.8000030517578,222.9499969482422,225.35000610351562,1247745,0.0,0
2020-10-06 15:15:00+05:30,225.35000610351562,227.75,225.35000610351562,227.3000030517578,423758,0.0,0
2020-10-07 09:15:00+05:30,226.14999389648438,231.64999389648438,225.0,231.25,0,0.0,0
2020-10-07 10:15:00+05:30,229.89999389648438,233.89999389648438,229.6999969482422,232.6999969482422,5563863,0.0,0
2020-10-07 11:15:00+05:30,232.39999389648438,235.3000030517578,231.64999389648438,234.6999969482422,5696201,0.0,0
2020-10-07 12:15:00+05:30,234.39999389648438,237.25,233.5500030517578,237.0,4339293,0.0,0
2020-10-07 13:15:00+05:30,235.39999389648438,237.75,235.35000610351562,235.9499969482422,5928186,0.0,0
2020-10-07 14:15:00+05:30,235.60000610351562,237.0500030517578,235.0500030517578,235.0500030517578,3863626,0.0,0
2020-10-07 15:15:00+05:30,235.9499969482422,236.1999969482422,233.5,234.8000030517578,3588623,0.0,0
2020-10-08 09:15:00+05:30,234.14999389648438,235.4499969482422,231.4499969482422,232.4499969482422,1628771,0.0,0
2020-10-08 10:15:00+05:30,235.10000610351562,235.4499969482422,232.0,232.8000030517578,2409106,0.0,0
2020-10-08 11:15:00+05:30,232.25,236.60000610351562,232.1999969482422,236.1999969482422,1343130,0.0,0
2020-10-08 12:15:00+05:30,234.5500030517578,238.89999389648438,234.35000610351562,236.5500030517578,3315381,0.0,0
2020-10-08 13:15:00+05:30,236.35000610351562,238.4499969482422,235.60000610351562,236.85000610351562,2075008,0.0,0
2020-10-08 14:15:00+05:30,237.1999969482422,238.8000030517578,234.89999389648438,238.8000030517578,2573084,0.0,0
2020-10-08 15:15:00+05:30,236.0,239.5,235.85000610351562,238.14999389648438,0,0.0,0
2020-10-09 09:15:00+05:30,237.1999969482422,237.8000030517578,235.0,236.85000610351562,2049414,0.0,0
2020-10-09 10:15:00+05:30,235.89999389648438,237.89999389648438,235.5,237.14999389648438,1804969,0.0,0
2020-10-09 11:15:00+05:30,237.35000610351562,238.85000610351562,236.8000030517578,237.0500030517578,967341,0.0,0
2020-10-09 12:15:00+05:30,237.64999389648438,238.10000610351562,236.89999389648438,237.10000610351562,694723,0.0,0
2020-10-09 13:15:00+05:30,237.14999389648438,240.0,236.89999389648438,238.35000610351562,1533580,0.0,0
2020-10-09 14:15:00+05:30,237.4499969482422,240.5,237.4499969482422,239.39999389648438,2561892,0.0,0
2020-10-09 15:15:00+05:30,238.5,240.5,238.0500030517578,239.35000610351562,1238684,0.0,0
2020-10-12 09:15:00+05:30,238.0,242.3000030517578,237.75,238.3000030517578,0,0.0,0
2020-10-12 10:15:00+05:30,239.1999969482422,241.3000030517578,235.0,235.0500030517578,3441000,0.0,0
2020-10-12 11:15:00+05:30,235.60000610351562,235.9499969482422,233.75,234.5,981357,0.0,0
2020-10-12 12:15:00+05:30,235.39999389648438,236.5,233.3000030517578,236.5,1135346,0.0,0
2020-10-12 13:15:00+05:30,235.39999389648438,238.8000030517578,234.39999389648438,238.5,1048555,0.0,0
2020-10-12 14:15:00+05:30,237.25,240.6999969482422,237.14999389648438,238.39999389648438,1352144,0.0,0
2020-10-12 15:15:00+05:30,238.39999389648438,238.5,238.0,238.4499969482422,285526,0.0,0
2020-10-13 09:15:00+05:30,237.64999389648438,246.25,237.0,244.75,0,0.0,0
2020-10-13 10:15:00+05:30,243.6999969482422,249.25,243.14999389648438,247.85000610351562,3899706,0.0,0
2020-10-13 11:15:00+05:30,244.9499969482422,249.25,244.85000610351562,247.89999389648438,5219697,0.0,0
2020-10-13 12:15:00+05:30,247.9499969482422,248.10000610351562,243.25,243.64999389648438,5374637,0.0,0
2020-10-13 13:15:00+05:30,245.0,245.1999969482422,242.5,242.5500030517578,3690082,0.0,0
2020-10-13 14:15:00+05:30,243.5,244.0,240.5,242.3000030517578,3803225,0.0,0
2020-10-13 15:15:00+05:30,241.0,242.8000030517578,240.9499969482422,241.75,2152369,0.0,0
2020-10-14 09:15:00+05:30,241.0500030517578,245.10000610351562,240.35000610351562,241.64999389648438,0,0.0,0
2020-10-14 10:15:00+05:30,241.0500030517578,242.60000610351562,240.35000610351562,242.39999389648438,1851381,0.0,0
2020-10-14 11:15:00+05:30,241.25,244.5,241.10000610351562,244.14999389648438,2200572,0.0,0
2020-10-14 12:15:00+05:30,244.1999969482422,246.3000030517578,243.60000610351562,246.0500030517578,2961072,0.0,0
2020-10-14 13:15:00+05:30,244.5500030517578,246.60000610351562,244.5500030517578,245.89999389648438,3380705,0.0,0
2020-10-14 14:15:00+05:30,245.35000610351562,246.89999389648438,244.85000610351562,246.10000610351562,3011746,0.0,0
2020-10-14 15:15:00+05:30,246.0500030517578,248.0,245.1999969482422,246.60000610351562,3035249,0.0,0
2020-10-15 09:15:00+05:30,248.0,250.0,245.85000610351562,246.0,0,0.0,0
2020-10-15 10:15:00+05:30,247.25,247.75,245.3000030517578,246.5500030517578,1758370,0.0,0
2020-10-15 11:15:00+05:30,246.5500030517578,246.9499969482422,244.4499969482422,245.6999969482422,1479272,0.0,0
2020-10-15 12:15:00+05:30,245.10000610351562,245.89999389648438,243.85000610351562,244.60000610351562,1602206,0.0,0
2020-10-15 13:15:00+05:30,244.8000030517578,245.0500030517578,240.8000030517578,241.8000030517578,1675430,0.0,0
2020-10-15 14:15:00+05:30,243.6999969482422,245.10000610351562,240.8000030517578,243.0500030517578,2900877,0.0,0
2020-10-15 15:15:00+05:30,244.89999389648438,245.10000610351562,241.64999389648438,243.35000610351562,1563367,0.0,0
2020-10-16 09:15:00+05:30,243.1999969482422,244.89999389648438,240.14999389648438,242.0500030517578,0,0.0,0
2020-10-16 10:15:00+05:30,241.4499969482422,246.0,241.4499969482422,245.9499969482422,2471993,0.0,0
2020-10-16 11:15:00+05:30,243.4499969482422,246.9499969482422,243.10000610351562,246.1999969482422,2652006,0.0,0
2020-10-16 12:15:00+05:30,246.35000610351562,249.0,245.60000610351562,245.89999389648438,3694944,0.0,0
2020-10-16 13:15:00+05:30,247.5500030517578,247.64999389648438,245.10000610351562,246.10000610351562,3732167,0.0,0
2020-10-16 14:15:00+05:30,245.4499969482422,248.89999389648438,244.5500030517578,248.1999969482422,5301691,0.0,0
2020-10-16 15:15:00+05:30,247.64999389648438,248.89999389648438,247.14999389648438,248.0,2232938,0.0,0
2020-10-19 09:15:00+05:30,249.1999969482422,249.6999969482422,243.39999389648438,244.8000030517578,0,0.0,0
2020-10-19 10:15:00+05:30,245.4499969482422,246.5,244.0,244.3000030517578,2323763,0.0,0
2020-10-19 11:15:00+05:30,244.5,246.8000030517578,244.0500030517578,244.89999389648438,2095629,0.0,0
2020-10-19 12:15:00+05:30,246.25,246.89999389648438,244.3000030517578,245.5,2737799,0.0,0
2020-10-19 13:15:00+05:30,245.8000030517578,246.89999389648438,244.0,245.3000030517578,3309498,0.0,0
2020-10-19 14:15:00+05:30,244.8000030517578,248.25,244.0,248.0,5183845,0.0,0
2020-10-19 15:15:00+05:30,247.85000610351562,249.0500030517578,247.14999389648438,247.5,727244,0.0,0
2020-10-20 09:15:00+05:30,249.6999969482422,254.89999389648438,247.0500030517578,249.4499969482422,0,0.0,0
2020-10-20 10:15:00+05:30,248.25,252.1999969482422,248.0,250.8000030517578,4845608,0.0,0
2020-10-20 11:15:00+05:30,251.10000610351562,254.60000610351562,250.39999389648438,253.39999389648438,5659757,0.0,0
2020-10-20 12:15:00+05:30,252.64999389648438,254.60000610351562,251.35000610351562,251.9499969482422,5755709,0.0,0
2020-10-20 13:15:00+05:30,252.6999969482422,252.8000030517578,249.25,249.35000610351562,3195406,0.0,0
2020-10-20 14:15:00+05:30,250.75,252.14999389648438,249.25,251.1999969482422,4626615,0.0,0
2020-10-20 15:15:00+05:30,251.14999389648438,252.4499969482422,250.89999389648438,252.0,994868,0.0,0
2020-10-21 09:15:00+05:30,252.5,253.4499969482422,250.5500030517578,251.10000610351562,0,0.0,0
2020-10-21 10:15:00+05:30,252.25,252.35000610351562,250.10000610351562,251.60000610351562,1404415,0.0,0
2020-10-21 11:15:00+05:30,250.6999969482422,252.3000030517578,249.60000610351562,249.64999389648438,1476976,0.0,0
2020-10-21 12:15:00+05:30,250.4499969482422,250.60000610351562,249.3000030517578,250.14999389648438,1139125,0.0,0
2020-10-21 13:15:00+05:30,249.6999969482422,250.4499969482422,247.0,247.1999969482422,2122637,0.0,0
2020-10-21 14:15:00+05:30,247.75,253.89999389648438,246.0,253.1999969482422,6694869,0.0,0
2020-10-21 15:15:00+05:30,253.25,254.25,253.1999969482422,254.10000610351562,878325,0.0,0
2020-10-22 09:15:00+05:30,253.0,255.4499969482422,250.60000610351562,252.5,3157106,0.0,0
2020-10-22 10:15:00+05:30,250.75,253.3000030517578,250.60000610351562,252.4499969482422,1795470,0.0,0
2020-10-22 11:15:00+05:30,252.0500030517578,254.10000610351562,251.25,253.0,1532613,0.0,0
2020-10-22 12:15:00+05:30,253.8000030517578,254.10000610351562,251.8000030517578,251.89999389648438,1672110,0.0,0
2020-10-22 13:15:00+05:30,252.8000030517578,253.0,249.75,251.85000610351562,3064767,0.0,0
2020-10-22 14:15:00+05:30,252.35000610351562,254.64999389648438,250.25,254.35000610351562,4179608,0.0,0
2020-10-22 15:15:00+05:30,254.4499969482422,254.8000030517578,252.35000610351562,254.25,1931549,0.0,0
2020-10-23 09:15:00+05:30,255.3000030517578,255.5,247.75,249.0,6494478,0.0,0
2020-10-23 10:15:00+05:30,248.8000030517578,250.75,247.75,249.6999969482422,4036652,0.0,0
2020-10-23 11:15:00+05:30,249.75,250.1999969482422,249.10000610351562,249.9499969482422,1290926,0.0,0
2020-10-23 12:15:00+05:30,249.4499969482422,251.10000610351562,249.3000030517578,250.39999389648438,1956719,0.0,0
2020-10-23 13:15:00+05:30,250.85000610351562,251.10000610351562,249.0,249.75,2047701,0.0,0
2020-10-23 14:15:00+05:30,249.64999389648438,250.35000610351562,247.35000610351562,247.85000610351562,3034218,0.0,0
2020-10-23 15:15:00+05:30,247.6999969482422,248.1999969482422,245.8000030517578,247.35000610351562,1558176,0.0,0
2020-10-26 09:15:00+05:30,248.6999969482422,248.8000030517578,243.25,244.0,0,0.0,0
2020-10-26 10:15:00+05:30,244.0,245.89999389648438,243.25,244.39999389648438,2085787,0.0,0
2020-10-26 11:15:00+05:30,244.25,245.89999389648438,242.5,244.75,2838518,0.0,0
2020-10-26 12:15:00+05:30,245.60000610351562,245.60000610351562,243.35000610351562,244.9499969482422,2148633,0.0,0
2020-10-26 13:15:00+05:30,243.85000610351562,245.35000610351562,243.6999969482422,244.25,1791214,0.0,0
2020-10-26 14:15:00+05:30,244.14999389648438,245.5,243.8000030517578,245.25,1724159,0.0,0
2020-10-26 15:15:00+05:30,245.39999389648438,245.6999969482422,244.3000030517578,245.0500030517578,1181124,0.0,0
2020-10-27 09:15:00+05:30,245.3000030517578,250.35000610351562,243.75,249.75,0,0.0,0
2020-10-27 10:15:00+05:30,247.3000030517578,252.14999389648438,246.89999389648438,250.64999389648438,5215543,0.0,0
2020-10-27 11:15:00+05:30,250.6999969482422,253.0,250.0,252.35000610351562,2467950,0.0,0
2020-10-27 12:15:00+05:30,252.64999389648438,253.39999389648438,251.75,252.89999389648438,2164469,0.0,0
2020-10-27 13:15:00+05:30,252.60000610351562,255.3000030517578,251.85000610351562,254.89999389648438,3097377,0.0,0
2020-10-27 14:15:00+05:30,254.25,256.8999938964844,254.0,255.85000610351562,5350311,0.0,0
2020-10-27 15:15:00+05:30,255.6999969482422,257.0,254.25,254.5500030517578,1227972,0.0,0
2020-10-28 09:15:00+05:30,253.85000610351562,254.6999969482422,251.25,253.5500030517578,0,0.0,0
2020-10-28 10:15:00+05:30,252.85000610351562,253.89999389648438,250.5,252.8000030517578,1493458,0.0,0
2020-10-28 11:15:00+05:30,252.8000030517578,254.6999969482422,252.6999969482422,253.35000610351562,778998,0.0,0
2020-10-28 12:15:00+05:30,254.14999389648438,254.6999969482422,250.75,251.10000610351562,1148455,0.0,0
2020-10-28 13:15:00+05:30,251.35000610351562,252.4499969482422,250.75,252.4499969482422,839874,0.0,0
2020-10-28 14:15:00+05:30,251.85000610351562,252.6999969482422,251.0,252.0,1385322,0.0,0
2020-10-28 15:15:00+05:30,251.9499969482422,252.6999969482422,250.5,251.8000030517578,1607238,0.0,0
2020-10-29 09:15:00+05:30,250.3000030517578,253.4499969482422,248.75,251.14999389648438,0,0.0,0
2020-10-29 10:15:00+05:30,251.8000030517578,252.89999389648438,250.5500030517578,251.0500030517578,1310144,0.0,0
2020-10-29 11:15:00+05:30,251.75,252.39999389648438,250.5,251.10000610351562,639708,0.0,0
2020-10-29 12:15:00+05:30,250.89999389648438,251.4499969482422,250.5,250.89999389648438,611412,0.0,0
2020-10-29 13:15:00+05:30,250.9499969482422,252.4499969482422,250.6999969482422,251.89999389648438,1319551,0.0,0
2020-10-29 14:15:00+05:30,251.14999389648438,254.60000610351562,251.0,253.89999389648438,1887105,0.0,0
2020-10-29 15:15:00+05:30,253.64999389648438,254.6999969482422,253.3000030517578,254.0,989210,0.0,0
2020-10-30 09:15:00+05:30,254.5500030517578,263.20001220703125,252.4499969482422,262.1499938964844,0,0.0,0
2020-10-30 10:15:00+05:30,260.5,265.79998779296875,259.95001220703125,262.25,7039831,0.0,0
2020-10-30 11:15:00+05:30,262.70001220703125,263.45001220703125,257.5,259.3500061035156,5711361,0.0,0
2020-10-30 12:15:00+05:30,259.75,260.29998779296875,256.5,258.29998779296875,5108753,0.0,0
2020-10-30 13:15:00+05:30,258.0,260.8500061035156,257.45001220703125,259.20001220703125,3955523,0.0,0
2020-10-30 14:15:00+05:30,259.6499938964844,260.8500061035156,258.20001220703125,259.95001220703125,3271880,0.0,0
2020-10-30 15:15:00+05:30,259.8500061035156,260.3999938964844,259.1000061035156,259.3500061035156,988061,0.0,0
2020-11-02 09:15:00+05:30,260.5,260.95001220703125,257.79998779296875,258.5,0,0.0,0
2020-11-02 10:15:00+05:30,258.70001220703125,259.8999938964844,257.25,258.3500061035156,982787,0.0,0
2020-11-02 11:15:00+05:30,257.79998779296875,260.8500061035156,257.3500061035156,258.29998779296875,1515778,0.0,0
2020-11-02 12:15:00+05:30,258.79998779296875,259.45001220703125,257.79998779296875,258.25,697910,0.0,0
2020-11-02 13:15:00+05:30,258.70001220703125,258.95001220703125,257.54998779296875,258.29998779296875,860497,0.0,0
2020-11-02 14:15:00+05:30,258.04998779296875,260.6499938964844,257.75,259.6000061035156,2527393,0.0,0
2020-11-02 15:15:00+05:30,259.54998779296875,261.8999938964844,259.04998779296875,260.5,1462040,0.0,0
2020-11-03 09:15:00+05:30,262.5,262.95001220703125,258.5,260.5,0,0.0,0
2020-11-03 10:15:00+05:30,259.20001220703125,260.95001220703125,258.75,259.29998779296875,608314,0.0,0
2020-11-03 11:15:00+05:30,259.54998779296875,259.70001220703125,257.6499938964844,258.3500061035156,1282801,0.0,0
2020-11-03 12:15:00+05:30,258.20001220703125,260.6000061035156,258.1000061035156,260.3500061035156,989139,0.0,0
2020-11-03 13:15:00+05:30,259.8999938964844,261.95001220703125,259.6000061035156,260.75,1457393,0.0,0
2020-11-03 14:15:00+05:30,261.25,262.70001220703125,260.54998779296875,261.5,1632502,0.0,0
2020-11-03 15:15:00+05:30,261.3999938964844,263.04998779296875,261.29998779296875,262.0,1102137,0.0,0
2020-11-04 09:15:00+05:30,261.3500061035156,263.6000061035156,260.29998779296875,261.95001220703125,0,0.0,0
2020-11-04 10:15:00+05:30,262.54998779296875,263.1000061035156,260.25,261.0,616999,0.0,0
2020-11-04 11:15:00+05:30,260.6499938964844,262.0,260.25,261.1499938964844,821573,0.0,0
2020-11-04 12:15:00+05:30,261.3500061035156,261.95001220703125,260.5,260.70001220703125,650525,0.0,0
2020-11-04 13:15:00+05:30,261.45001220703125,262.70001220703125,259.70001220703125,262.29998779296875,1307035,0.0,0
2020-11-04 14:15:00+05:30,261.8500061035156,264.45001220703125,261.75,264.1499938964844,1467584,0.0,0
2020-11-04 15:15:00+05:30,264.1000061035156,265.20001220703125,264.1000061035156,264.95001220703125,399246,0.0,0
2020-11-05 09:15:00+05:30,251.60000610351562,256.29998779296875,251.0,255.60000610351562,4148255,17.0,0
2020-11-05 10:15:00+05:30,254.8000030517578,258.70001220703125,254.3000030517578,256.79998779296875,2479348,0.0,0
2020-11-05 11:15:00+05:30,256.54998779296875,257.3500061035156,254.60000610351562,254.6999969482422,2037194,0.0,0
2020-11-05 12:15:00+05:30,255.64999389648438,255.85000610351562,253.39999389648438,253.89999389648438,2705719,0.0,0
2020-11-05 13:15:00+05:30,254.5500030517578,256.0,253.39999389648438,255.8000030517578,2511606,0.0,0
2020-11-05 14:15:00+05:30,254.5500030517578,256.8999938964844,254.5,255.5,2373258,0.0,0
2020-11-05 15:15:00+05:30,255.4499969482422,257.0,254.89999389648438,256.5,547763,0.0,0
2020-11-06 09:15:00+05:30,256.3500061035156,256.3500061035156,253.5,254.10000610351562,0,0.0,0
2020-11-06 10:15:00+05:30,254.5,254.9499969482422,251.0,252.5500030517578,1469013,0.0,0
2020-11-06 11:15:00+05:30,252.3000030517578,253.35000610351562,250.5,250.64999389648438,1643778,0.0,0
2020-11-06 12:15:00+05:30,251.60000610351562,251.8000030517578,249.14999389648438,249.8000030517578,2224365,0.0,0
2020-11-06 13:15:00+05:30,250.0,250.39999389648438,248.5,249.14999389648438,2653694,0.0,0
2020-11-06 14:15:00+05:30,249.85000610351562,250.3000030517578,247.3000030517578,248.5,3147867,0.0,0
2020-11-06 15:15:00+05:30,248.35000610351562,248.5,247.1999969482422,247.1999969482422,1104962,0.0,0
2020-11-09 09:15:00+05:30,250.0,251.85000610351562,248.35000610351562,249.6999969482422,0,0.0,0
2020-11-09 10:15:00+05:30,249.4499969482422,250.75,248.8000030517578,249.8000030517578,3308084,0.0,0
2020-11-09 11:15:00+05:30,250.0,250.5,249.0,249.25,773518,0.0,0
2020-11-09 12:15:00+05:30,249.89999389648438,249.9499969482422,248.5500030517578,249.0,2999218,0.0,0
2020-11-09 13:15:00+05:30,249.0,249.64999389648438,247.14999389648438,247.89999389648438,3642936,0.0,0
2020-11-09 14:15:00+05:30,248.0,249.5500030517578,247.8000030517578,249.35000610351562,1823511,0.0,0
2020-11-09 15:15:00+05:30,249.35000610351562,249.89999389648438,248.5,249.3000030517578,0,0.0,0
2020-11-10 09:15:00+05:30,250.1999969482422,256.29998779296875,250.1999969482422,254.89999389648438,3205430,0.0,0
2020-11-10 10:15:00+05:30,255.5,256.3500061035156,254.14999389648438,254.9499969482422,913448,0.0,0
2020-11-10 11:15:00+05:30,255.0,255.5,253.8000030517578,254.3000030517578,1132080,0.0,0
2020-11-10 12:15:00+05:30,254.9499969482422,255.14999389648438,251.10000610351562,251.35000610351562,2706931,0.0,0
2020-11-10 13:15:00+05:30,251.5500030517578,251.9499969482422,248.39999389648438,248.5500030517578,1641742,0.0,0
2020-11-10 14:15:00+05:30,249.5,250.64999389648438,248.39999389648438,249.75,1954272,0.0,0
2020-11-10 15:15:00+05:30,249.75,251.0,249.14999389648438,250.60000610351562,720228,0.0,0
2020-11-11 09:15:00+05:30,251.64999389648438,254.60000610351562,251.5,254.1999969482422,0,0.0,0
2020-11-11 10:15:00+05:30,252.35000610351562,256.0,252.25,254.10000610351562,1751184,0.0,0
2020-11-11 11:15:00+05:30,255.5500030517578,255.9499969482422,253.1999969482422,254.3000030517578,2276402,0.0,0
2020-11-11 12:15:00+05:30,254.39999389648438,259.0,254.0500030517578,257.70001220703125,2652340,0.0,0
2020-11-11 13:15:00+05:30,257.6000061035156,258.3500061035156,256.29998779296875,258.04998779296875,2047132,0.0,0
2020-11-11 14:15:00+05:30,257.6000061035156,259.95001220703125,257.5,259.45001220703125,2184794,0.0,0
2020-11-11 15:15:00+05:30,259.5,260.8500061035156,259.1499938964844,259.5,865940,0.0,0
2020-11-12 09:15:00+05:30,257.75,259.45001220703125,256.6499938964844,258.0,0,0.0,0
2020-11-12 10:15:00+05:30,258.29998779296875,260.0,256.20001220703125,259.20001220703125,1075290,0.0,0
2020-11-12 11:15:00+05:30,259.3500061035156,261.8500061035156,257.54998779296875,257.8999938964844,2538050,0.0,0
2020-11-12 12:15:00+05:30,257.70001220703125,261.29998779296875,257.54998779296875,260.54998779296875,1493217,0.0,0
2020-11-12 13:15:00+05:30,260.6499938964844,262.45001220703125,259.54998779296875,261.3500061035156,1133321,0.0,0
2020-11-12 14:15:00+05:30,260.5,263.5,259.79998779296875,263.29998779296875,2067934,0.0,0
2020-11-12 15:15:00+05:30,263.29998779296875,264.3500061035156,260.54998779296875,262.8500061035156,2301314,0.0,0
2020-11-13 09:15:00+05:30,261.29998779296875,262.25,258.29998779296875,259.1000061035156,0,0.0,0
2020-11-13 10:15:00+05:30,259.25,259.79998779296875,257.70001220703125,258.1000061035156,976553,0.0,0
2020-11-13 11:15:00+05:30,258.1499938964844,258.75,257.04998779296875,257.20001220703125,4387723,0.0,0
2020-11-13 12:15:00+05:30,257.75,257.95001220703125,255.75,255.9499969482422,1866199,0.0,0
2020-11-13 13:15:00+05:30,256.70001220703125,257.45001220703125,255.75,257.25,781418,0.0,0
2020-11-13 14:15:00+05:30,257.1499938964844,258.6499938964844,256.70001220703125,258.1499938964844,2801632,0.0,0
2020-11-13 15:15:00+05:30,258.1000061035156,258.20001220703125,257.0,257.5,463251,0.0,0
2020-11-14 18:15:00+05:30,259.0,259.0,258.8999938964844,258.8999938964844,1069,0.0,0
2020-11-17 09:15:00+05:30,260.1000061035156,268.8999938964844,260.1000061035156,268.45001220703125,3231459,0.0,0
2020-11-17 10:15:00+05:30,267.3999938964844,270.29998779296875,267.29998779296875,269.1000061035156,1793619,0.0,0
2020-11-17 11:15:00+05:30,268.8999938964844,270.75,267.95001220703125,268.04998779296875,2776662,0.0,0
2020-11-17 12:15:00+05:30,269.04998779296875,269.5,267.5,268.45001220703125,4729304,0.0,0
2020-11-17 13:15:00+05:30,268.54998779296875,270.70001220703125,268.3999938964844,270.6000061035156,2449009,0.0,0
2020-11-17 14:15:00+05:30,270.1000061035156,272.0,267.3999938964844,268.1000061035156,3911793,0.0,0
2020-11-17 15:15:00+05:30,268.1000061035156,268.70001220703125,267.6499938964844,268.04998779296875,1794039,0.0,0
2020-11-18 09:15:00+05:30,267.5,267.6499938964844,261.3500061035156,263.79998779296875,0,0.0,0
2020-11-18 10:15:00+05:30,261.75,264.1000061035156,261.3500061035156,261.95001220703125,515770,0.0,0
2020-11-18 11:15:00+05:30,263.75,263.75,261.0,262.75,1743207,0.0,0
2020-11-18 12:15:00+05:30,262.75,263.25,260.95001220703125,262.20001220703125,1358323,0.0,0
2020-11-18 13:15:00+05:30,261.95001220703125,262.45001220703125,261.29998779296875,261.8500061035156,1197912,0.0,0
2020-11-18 14:15:00+05:30,261.8500061035156,264.6499938964844,261.54998779296875,262.1000061035156,6060763,0.0,0
2020-11-18 15:15:00+05:30,262.0,262.45001220703125,261.04998779296875,261.5,1211150,0.0,0
2020-11-19 09:15:00+05:30,259.75,261.8999938964844,257.75,260.8999938964844,0,0.0,0
2020-11-19 10:15:00+05:30,260.29998779296875,262.29998779296875,259.5,262.1499938964844,3219303,0.0,0
2020-11-19 11:15:00+05:30,262.0,264.04998779296875,261.20001220703125,263.79998779296875,1040580,0.0,0
2020-11-19 12:15:00+05:30,263.6499938964844,264.6000061035156,261.6499938964844,262.1000061035156,2848180,0.0,0
2020-11-19 13:15:00+05:30,262.6499938964844,263.04998779296875,259.5,260.5,1536724,0.0,0
2020-11-19 14:15:00+05:30,261.1000061035156,261.45001220703125,256.8500061035156,258.5,2884945,0.0,0
2020-11-19 15:15:00+05:30,258.54998779296875,259.70001220703125,257.6499938964844,258.70001220703125,0,0.0,0
2020-11-20 09:15:00+05:30,259.6499938964844,261.8500061035156,258.0,259.79998779296875,955138,0.0,0
2020-11-20 10:15:00+05:30,258.75,260.5,257.3999938964844,257.70001220703125,380311,0.0,0
2020-11-20 11:15:00+05:30,258.6000061035156,258.6499938964844,253.75,255.64999389648438,2255208,0.0,0
2020-11-20 12:15:00+05:30,255.1999969482422,256.8500061035156,253.75,256.79998779296875,1944764,0.0,0
2020-11-20 13:15:00+05:30,256.20001220703125,257.29998779296875,255.64999389648438,256.1499938964844,1188526,0.0,0
2020-11-20 14:15:00+05:30,256.1000061035156,257.5,255.6999969482422,257.29998779296875,1073613,0.0,0
2020-11-20 15:15:00+05:30,257.20001220703125,257.95001220703125,256.8999938964844,257.45001220703125,259331,0.0,0
2020-11-23 09:15:00+05:30,259.0,262.5,258.95001220703125,260.0,0,0.0,0
2020-11-23 10:15:00+05:30,260.3999938964844,260.6499938964844,258.29998779296875,258.70001220703125,1070511,0.0,0
2020-11-23 11:15:00+05:30,259.6499938964844,260.75,258.29998779296875,259.45001220703125,2719207,0.0,0
2020-11-23 12:15:00+05:30,260.3999938964844,261.6000061035156,259.1000061035156,260.3500061035156,3143338,0.0,0
2020-11-23 13:15:00+05:30,260.6000061035156,261.6000061035156,259.04998779296875,259.70001220703125,1879213,0.0,0
2020-11-23 14:15:00+05:30,260.3500061035156,260.45001220703125,258.0,258.3500061035156,840717,0.0,0
2020-11-23 15:15:00+05:30,258.3500061035156,258.45001220703125,257.5,257.8999938964844,288749,0.0,0
2020-11-24 09:15:00+05:30,258.20001220703125,260.3999938964844,256.8500061035156,259.8999938964844,0,0.0,0
2020-11-24 10:15:00+05:30,258.45001220703125,260.1499938964844,258.1499938964844,258.20001220703125,279226,0.0,0
2020-11-24 11:15:00+05:30,259.0,259.0,256.6499938964844,257.25,1108557,0.0,0
2020-11-24 12:15:00+05:30,257.70001220703125,257.8500061035156,254.64999389648438,255.5500030517578,1677243,0.0,0
2020-11-24 13:15:00+05:30,255.89999389648438,256.79998779296875,255.39999389648438,256.54998779296875,534486,0.0,0
2020-11-24 14:15:00+05:30,256.54998779296875,256.75,254.5500030517578,255.39999389648438,1620515,0.0,0
2020-11-24 15:15:00+05:30,255.39999389648438,255.60000610351562,254.6999969482422,255.39999389648438,231146,0.0,0
2020-11-25 09:15:00+05:30,256.0,258.6499938964844,255.75,257.3999938964844,0,0.0,0
2020-11-25 10:15:00+05:30,257.95001220703125,258.3999938964844,255.8000030517578,256.1000061035156,2640640,0.0,0
2020-11-25 11:15:00+05:30,256.3999938964844,257.8999938964844,255.8000030517578,257.79998779296875,2479922,0.0,0
2020-11-25 12:15:00+05:30,257.1000061035156,259.20001220703125,257.1000061035156,258.0,2161735,0.0,0
2020-11-25 13:15:00+05:30,258.70001220703125,258.8500061035156,255.1999969482422,255.39999389648438,2135268,0.0,0
2020-11-25 14:15:00+05:30,256.54998779296875,256.70001220703125,255.1999969482422,256.1499938964844,1474275,0.0,0
2020-11-25 15:15:00+05:30,256.25,256.8999938964844,255.5500030517578,256.20001220703125,0,0.0,0
2020-11-26 09:15:00+05:30,257.70001220703125,259.3500061035156,253.5500030517578,255.0,1631928,0.0,0
2020-11-26 10:15:00+05:30,254.3000030517578,256.04998779296875,253.5500030517578,256.0,637309,0.0,0
2020-11-26 11:15:00+05:30,255.39999389648438,256.5,255.10000610351562,255.10000610351562,802660,0.0,0
2020-11-26 12:15:00+05:30,256.1499938964844,257.29998779296875,254.8000030517578,256.5,721429,0.0,0
2020-11-26 13:15:00+05:30,256.8500061035156,257.95001220703125,256.1000061035156,257.79998779296875,1129282,0.0,0
2020-11-26 14:15:00+05:30,257.25,259.6000061035156,257.1000061035156,259.6000061035156,1567427,0.0,0
2020-11-26 15:15:00+05:30,259.6000061035156,262.6000061035156,258.6499938964844,260.75,2102547,0.0,0
2020-11-27 09:15:00+05:30,262.0,263.20001220703125,260.0,260.95001220703125,0,0.0,0
2020-11-27 10:15:00+05:30,260.6000061035156,261.25,258.45001220703125,258.8500061035156,1020037,0.0,0
2020-11-27 11:15:00+05:30,259.8500061035156,259.8500061035156,257.5,258.79998779296875,1346823,0.0,0
2020-11-27 12:15:00+05:30,258.1499938964844,260.95001220703125,258.1499938964844,259.04998779296875,1999926,0.0,0
2020-11-27 13:15:00+05:30,260.3500061035156,260.95001220703125,258.3999938964844,259.04998779296875,1414795,0.0,0
2020-11-27 14:15:00+05:30,258.70001220703125,261.6000061035156,258.3500061035156,261.6000061035156,4155240,0.0,0
2020-11-27 15:15:00+05:30,261.6000061035156,262.45001220703125,259.3500061035156,260.5,2308732,0.0,0
2020-12-01 09:15:00+05:30,262.20001220703125,269.5,262.20001220703125,263.79998779296875,0,0.0,0
2020-12-01 10:15:00+05:30,263.5,264.1499938964844,261.75,263.5,742353,0.0,0
2020-12-01 11:15:00+05:30,262.8500061035156,263.79998779296875,262.0,262.79998779296875,897439,0.0,0
2020-12-01 12:15:00+05:30,262.3999938964844,263.04998779296875,261.70001220703125,262.29998779296875,755335,0.0,0
2020-12-01 13:15:00+05:30,262.45001220703125,263.1000061035156,261.79998779296875,262.20001220703125,983896,0.0,0
2020-12-01 14:15:00+05:30,262.25,262.5,261.3999938964844,261.8999938964844,1593924,0.0,0
2020-12-01 15:15:00+05:30,261.8999938964844,262.5,260.8999938964844,262.0,1618619,0.0,0
2020-12-02 09:15:00+05:30,262.5,264.04998779296875,261.0,262.95001220703125,0,0.0,0
2020-12-02 10:15:00+05:30,261.25,264.20001220703125,261.1000061035156,262.79998779296875,1206038,0.0,0
2020-12-02 11:15:00+05:30,262.04998779296875,263.3999938964844,261.20001220703125,261.79998779296875,403538,0.0,0
2020-12-02 12:15:00+05:30,262.25,262.6000061035156,259.3999938964844,259.8500061035156,1088824,0.0,0
2020-12-02 13:15:00+05:30,260.95001220703125,260.95001220703125,259.20001220703125,260.79998779296875,1003460,0.0,0
2020-12-02 14:15:00+05:30,259.29998779296875,263.6000061035156,259.29998779296875,263.0,2017768,0.0,0
2020-12-02 15:15:00+05:30,263.0,263.20001220703125,261.54998779296875,262.5,1669330,0.0,0
2020-12-03 09:15:00+05:30,263.5,264.3500061035156,260.8999938964844,261.5,0,0.0,0
2020-12-03 10:15:00+05:30,262.20001220703125,262.8500061035156,260.8999938964844,261.79998779296875,534489,0.0,0
2020-12-03 11:15:00+05:30,261.79998779296875,262.0,259.8999938964844,260.8500061035156,1103552,0.0,0
2020-12-03 12:15:00+05:30,260.6000061035156,261.8999938964844,259.79998779296875,259.95001220703125,923442,0.0,0
2020-12-03 13:15:00+05:30,260.3500061035156,261.29998779296875,259.29998779296875,260.1000061035156,1647421,0.0,0
2020-12-03 14:15:00+05:30,260.79998779296875,261.79998779296875,259.5,261.29998779296875,2338247,0.0,0
2020-12-03 15:15:00+05:30,261.3500061035156,261.70001220703125,260.70001220703125,261.1000061035156,1258828,0.0,0
2020-12-04 09:15:00+05:30,262.0,263.0,258.79998779296875,259.29998779296875,0,0.0,0
2020-12-04 10:15:00+05:30,259.8500061035156,260.04998779296875,258.25,259.04998779296875,806736,0.0,0
2020-12-04 11:15:00+05:30,258.6000061035156,259.6000061035156,252.35000610351562,253.14999389648438,3136033,0.0,0
2020-12-04 12:15:00+05:30,255.89999389648438,255.9499969482422,250.0500030517578,252.39999389648438,4331253,0.0,0
2020-12-04 13:15:00+05:30,252.14999389648438,253.0,250.0,251.1999969482422,2793589,0.0,0
2020-12-04 14:15:00+05:30,251.1999969482422,253.39999389648438,250.60000610351562,253.0,3384715,0.0,0
2020-12-04 15:15:00+05:30,252.9499969482422,253.10000610351562,251.89999389648438,252.60000610351562,933335,0.0,0
2020-12-07 09:15:00+05:30,255.0,256.1000061035156,252.0,252.10000610351562,0,0.0,0
2020-12-07 10:15:00+05:30,252.8000030517578,253.4499969482422,250.89999389648438,252.60000610351562,961732,0.0,0
2020-12-07 11:15:00+05:30,252.5500030517578,253.4499969482422,250.85000610351562,251.3000030517578,2668374,0.0,0
2020-12-07 12:15:00+05:30,251.10000610351562,253.3000030517578,250.8000030517578,252.89999389648438,3139270,0.0,0
2020-12-07 13:15:00+05:30,253.25,254.4499969482422,252.10000610351562,253.0500030517578,1676064,0.0,0
2020-12-07 14:15:00+05:30,253.60000610351562,254.64999389648438,252.5,252.9499969482422,2837070,0.0,0
2020-12-07 15:15:00+05:30,253.0,254.5,252.0,253.10000610351562,2236762,0.0,0
2020-12-08 09:15:00+05:30,253.9499969482422,257.25,253.85000610351562,256.6499938964844,0,0.0,0
2020-12-08 10:15:00+05:30,255.6999969482422,259.54998779296875,255.14999389648438,256.25,2238255,0.0,0
2020-12-08 11:15:00+05:30,257.20001220703125,257.6000061035156,255.0,255.35000610351562,2158915,0.0,0
2020-12-08 12:15:00+05:30,255.85000610351562,257.0,255.25,256.54998779296875,998614,0.0,0
2020-12-08 13:15:00+05:30,256.54998779296875,257.8999938964844,256.0,256.1000061035156,1483137,0.0,0
2020-12-08 14:15:00+05:30,256.6499938964844,258.5,255.85000610351562,257.1000061035156,2535589,0.0,0
2020-12-08 15:15:00+05:30,257.1000061035156,257.25,256.70001220703125,257.1000061035156,677057,0.0,0
2020-12-09 09:15:00+05:30,258.6000061035156,259.3500061035156,254.8000030517578,256.54998779296875,0,0.0,0
2020-12-09 10:15:00+05:30,255.0500030517578,257.3999938964844,255.0500030517578,256.5,1973652,0.0,0
2020-12-09 11:15:00+05:30,255.8000030517578,257.20001220703125,255.8000030517578,257.1000061035156,2812879,0.0,0
2020-12-09 12:15:00+05:30,256.3500061035156,257.3999938964844,256.0,256.3999938964844,2266088,0.0,0
2020-12-09 13:15:00+05:30,256.29998779296875,256.70001220703125,251.0,253.14999389648438,5863094,0.0,0
2020-12-09 14:15:00+05:30,252.35000610351562,254.0,251.0,252.5,4549346,0.0,0
2020-12-09 15:15:00+05:30,252.39999389648438,253.5,252.10000610351562,253.4499969482422,989672,0.0,0
2020-12-10 09:15:00+05:30,249.5500030517578,250.60000610351562,245.5,247.0,0,0.0,0
2020-12-10 10:15:00+05:30,246.0,249.25,245.85000610351562,249.10000610351562,6179674,0.0,0
2020-12-10 11:15:00+05:30,248.4499969482422,249.25,246.5,246.89999389648438,2148735,0.0,0
2020-12-10 12:15:00+05:30,246.75,247.14999389648438,245.5,246.10000610351562,2374899,0.0,0
2020-12-10 13:15:00+05:30,245.8000030517578,246.39999389648438,245.3000030517578,245.5500030517578,2623974,0.0,0
2020-12-10 14:15:00+05:30,245.89999389648438,249.1999969482422,245.3000030517578,248.3000030517578,3655194,0.0,0
2020-12-10 15:15:00+05:30,248.3000030517578,248.9499969482422,248.0,248.9499969482422,545763,0.0,0
2020-12-11 09:15:00+05:30,249.5,250.1999969482422,247.14999389648438,247.60000610351562,1502493,0.0,0
2020-12-11 10:15:00+05:30,247.89999389648438,248.4499969482422,246.5,248.0,760502,0.0,0
2020-12-11 11:15:00+05:30,247.39999389648438,248.4499969482422,246.8000030517578,247.4499969482422,1277143,0.0,0
2020-12-11 12:15:00+05:30,247.4499969482422,247.6999969482422,246.6999969482422,246.85000610351562,994424,0.0,0
2020-12-11 13:15:00+05:30,247.1999969482422,247.39999389648438,245.10000610351562,245.14999389648438,2959528,0.0,0
2020-12-11 14:15:00+05:30,246.0500030517578,246.1999969482422,243.75,245.5500030517578,4373940,0.0,0
2020-12-11 15:15:00+05:30,245.5,246.89999389648438,245.4499969482422,246.6999969482422,659112,0.0,0
2020-12-14 09:15:00+05:30,247.4499969482422,248.75,246.0,247.5,0,0.0,0
2020-12-14 10:15:00+05:30,247.10000610351562,248.4499969482422,245.64999389648438,245.89999389648438,693739,0.0,0
2020-12-14 11:15:00+05:30,246.8000030517578,246.85000610351562,245.3000030517578,246.3000030517578,1018930,0.0,0
2020-12-14 12:15:00+05:30,245.9499969482422,246.60000610351562,245.10000610351562,245.85000610351562,746957,0.0,0
2020-12-14 13:15:00+05:30,245.39999389648438,246.5,245.3000030517578,246.39999389648438,585547,0.0,0
2020-12-14 14:15:00+05:30,246.10000610351562,246.85000610351562,245.39999389648438,246.5,1364759,0.0,0
2020-12-14 15:15:00+05:30,246.4499969482422,246.64999389648438,245.85000610351562,246.60000610351562,284478,0.0,0
2020-12-15 09:15:00+05:30,247.5,247.5,244.0,244.25,0,0.0,0
2020-12-15 10:15:00+05:30,246.0,246.1999969482422,243.60000610351562,243.9499969482422,959633,0.0,0
2020-12-15 11:15:00+05:30,243.89999389648438,245.0,243.10000610351562,244.64999389648438,1544684,0.0,0
2020-12-15 12:15:00+05:30,244.0,245.89999389648438,243.5500030517578,245.35000610351562,3134798,0.0,0
2020-12-15 13:15:00+05:30,244.8000030517578,246.4499969482422,244.5,245.8000030517578,1191671,0.0,0
2020-12-15 14:15:00+05:30,246.0,248.1999969482422,245.25,247.89999389648438,2338143,0.0,0
2020-12-15 15:15:00+05:30,248.0,248.10000610351562,247.5,247.8000030517578,409749,0.0,0
2020-12-16 09:15:00+05:30,249.1999969482422,249.5,247.14999389648438,247.9499969482422,0,0.0,0
2020-12-16 10:15:00+05:30,247.6999969482422,248.6999969482422,247.14999389648438,247.75,726627,0.0,0
2020-12-16 11:15:00+05:30,247.89999389648438,248.0,246.3000030517578,246.9499969482422,5450275,0.0,0
2020-12-16 12:15:00+05:30,247.35000610351562,247.64999389648438,246.3000030517578,246.4499969482422,2049942,0.0,0
2020-12-16 13:15:00+05:30,246.6999969482422,247.0,245.5,246.1999969482422,741603,0.0,0
2020-12-16 14:15:00+05:30,245.9499969482422,247.5500030517578,245.10000610351562,247.5,1316423,0.0,0
2020-12-16 15:15:00+05:30,247.39999389648438,248.35000610351562,247.25,248.14999389648438,571127,0.0,0
2020-12-17 09:15:00+05:30,248.5,251.5,247.9499969482422,250.10000610351562,0,0.0,0
2020-12-17 10:15:00+05:30,251.0500030517578,251.1999969482422,248.8000030517578,249.14999389648438,753853,0.0,0
2020-12-17 11:15:00+05:30,248.89999389648438,250.0500030517578,247.85000610351562,248.1999969482422,1901292,0.0,0
2020-12-17 12:15:00+05:30,248.60000610351562,248.89999389648438,247.5,247.64999389648438,1390507,0.0,0
2020-12-17 13:15:00+05:30,247.6999969482422,248.0,247.1999969482422,247.60000610351562,663506,0.0,0
2020-12-17 14:15:00+05:30,247.64999389648438,247.89999389648438,246.25,246.5500030517578,2185051,0.0,0
2020-12-17 15:15:00+05:30,246.75,247.1999969482422,246.1999969482422,246.75,1292126,0.0,0
2020-12-18 09:15:00+05:30,247.1999969482422,249.4499969482422,246.60000610351562,247.39999389648438,1999645,0.0,0
2020-12-18 10:15:00+05:30,248.0,249.39999389648438,246.60000610351562,248.60000610351562,681675,0.0,0
2020-12-18 11:15:00+05:30,249.25,250.35000610351562,247.6999969482422,249.39999389648438,1198504,0.0,0
2020-12-18 12:15:00+05:30,248.4499969482422,252.1999969482422,248.39999389648438,249.64999389648438,3904161,0.0,0
2020-12-18 13:15:00+05:30,250.5,251.8000030517578,249.5,251.5500030517578,1311513,0.0,0
2020-12-18 14:15:00+05:30,251.39999389648438,252.0,250.10000610351562,251.0500030517578,2016115,0.0,0
2020-12-18 15:15:00+05:30,251.0500030517578,251.39999389648438,250.6999969482422,250.89999389648438,595998,0.0,0
2020-12-21 09:15:00+05:30,250.5500030517578,250.75,246.9499969482422,247.60000610351562,0,0.0,0
2020-12-21 10:15:00+05:30,248.10000610351562,248.5,245.0,245.39999389648438,976506,0.0,0
2020-12-21 11:15:00+05:30,245.1999969482422,245.8000030517578,240.5500030517578,241.85000610351562,4811630,0.0,0
2020-12-21 12:15:00+05:30,241.5,242.10000610351562,238.0,238.5,3958893,0.0,0
2020-12-21 13:15:00+05:30,238.5,239.1999969482422,236.85000610351562,237.4499969482422,3235217,0.0,0
2020-12-21 14:15:00+05:30,237.5,238.3000030517578,225.9499969482422,235.1999969482422,7358083,0.0,0
2020-12-21 15:15:00+05:30,234.60000610351562,237.0,232.4499969482422,235.39999389648438,2011522,0.0,0
2020-12-22 09:15:00+05:30,235.64999389648438,239.0500030517578,227.4499969482422,236.1999969482422,0,0.0,0
2020-12-22 10:15:00+05:30,234.6999969482422,238.5500030517578,234.60000610351562,236.8000030517578,1612015,0.0,0
2020-12-22 11:15:00+05:30,237.14999389648438,238.1999969482422,233.89999389648438,235.4499969482422,2068369,0.0,0
2020-12-22 12:15:00+05:30,235.75,236.4499969482422,234.14999389648438,236.4499969482422,1567187,0.0,0
2020-12-22 13:15:00+05:30,234.8000030517578,238.5500030517578,234.64999389648438,237.75,2281006,0.0,0
2020-12-22 14:15:00+05:30,236.6999969482422,238.1999969482422,235.5,237.4499969482422,1981622,0.0,0
2020-12-22 15:15:00+05:30,237.4499969482422,238.3000030517578,236.85000610351562,236.85000610351562,469471,0.0,0
2020-12-23 09:15:00+05:30,234.89999389648438,234.89999389648438,231.5500030517578,233.39999389648438,0,0.0,0
2020-12-23 10:15:00+05:30,234.10000610351562,235.4499969482422,233.1999969482422,233.3000030517578,1051030,0.0,0
2020-12-23 11:15:00+05:30,233.8000030517578,237.75,232.8000030517578,237.5500030517578,3136328,0.0,0
2020-12-23 12:15:00+05:30,235.5,238.6999969482422,234.85000610351562,235.1999969482422,3263028,0.0,0
2020-12-23 13:15:00+05:30,236.39999389648438,236.4499969482422,234.0,234.0500030517578,1420221,0.0,0
2020-12-23 14:15:00+05:30,234.1999969482422,237.85000610351562,234.0,237.6999969482422,2440222,0.0,0
2020-12-23 15:15:00+05:30,237.64999389648438,238.1999969482422,237.1999969482422,237.6999969482422,446544,0.0,0
2020-12-24 09:15:00+05:30,259.1499938964844,259.8500061035156,249.6999969482422,251.25,3099815,0.0,0
2020-12-24 10:15:00+05:30,250.75,251.6999969482422,246.0,246.39999389648438,4456093,0.0,0
2020-12-24 11:15:00+05:30,248.10000610351562,248.60000610351562,246.0,246.39999389648438,4232560,0.0,0
2020-12-24 12:15:00+05:30,246.85000610351562,248.39999389648438,246.0500030517578,247.0,2031996,0.0,0
2020-12-24 13:15:00+05:30,247.3000030517578,247.39999389648438,245.14999389648438,245.39999389648438,2004585,0.0,0
2020-12-24 14:15:00+05:30,246.9499969482422,247.0,245.0,246.75,4245579,0.0,0
2020-12-24 15:15:00+05:30,246.5500030517578,247.8000030517578,245.4499969482422,246.39999389648438,1450156,0.0,0
2020-12-28 09:15:00+05:30,247.3000030517578,247.8000030517578,244.75,246.5,0,0.0,0
2020-12-28 10:15:00+05:30,245.8000030517578,247.35000610351562,245.25,246.5,2796468,0.0,0
2020-12-28 11:15:00+05:30,246.14999389648438,247.25,245.6999969482422,246.14999389648438,989658,0.0,0
2020-12-28 12:15:00+05:30,245.85000610351562,246.85000610351562,245.1999969482422,245.89999389648438,1058994,0.0,0
2020-12-28 13:15:00+05:30,245.4499969482422,246.85000610351562,245.3000030517578,246.1999969482422,753551,0.0,0
2020-12-28 14:15:00+05:30,246.60000610351562,247.5,245.75,247.35000610351562,1085669,0.0,0
2020-12-28 15:15:00+05:30,247.35000610351562,247.5,246.6999969482422,247.1999969482422,0,0.0,0
2020-12-29 09:15:00+05:30,247.75,248.25,244.64999389648438,244.6999969482422,1460505,0.0,0
2020-12-29 10:15:00+05:30,245.5,245.60000610351562,242.5,243.60000610351562,1050268,0.0,0
2020-12-29 11:15:00+05:30,243.14999389648438,244.3000030517578,242.75,243.14999389648438,1264512,0.0,0
2020-12-29 12:15:00+05:30,243.3000030517578,243.89999389648438,242.8000030517578,243.64999389648438,1122713,0.0,0
2020-12-29 13:15:00+05:30,243.35000610351562,244.1999969482422,243.25,243.8000030517578,1005012,0.0,0
2020-12-29 14:15:00+05:30,243.64999389648438,244.89999389648438,243.25,244.4499969482422,2046956,0.0,0
2020-12-29 15:15:00+05:30,244.5,244.89999389648438,244.10000610351562,244.75,540799,0.0,0
2020-12-30 09:15:00+05:30,245.25,245.3000030517578,241.6999969482422,243.5500030517578,0,0.0,0
2020-12-30 10:15:00+05:30,242.3000030517578,244.5,241.6999969482422,244.0,1140908,0.0,0
2020-12-30 11:15:00+05:30,243.35000610351562,245.85000610351562,243.14999389648438,245.85000610351562,2039802,0.0,0
2020-12-30 12:15:00+05:30,244.85000610351562,246.0,243.6999969482422,244.1999969482422,1655862,0.0,0
2020-12-30 13:15:00+05:30,244.0,246.3000030517578,243.64999389648438,246.0,1465544,0.0,0
2020-12-30 14:15:00+05:30,244.85000610351562,252.6999969482422,244.85000610351562,252.1999969482422,8324056,0.0,0
2020-12-30 15:15:00+05:30,252.1999969482422,253.0,252.10000610351562,252.5,980596,0.0,0
2020-12-31 09:15:00+05:30,252.0,252.5,246.89999389648438,247.3000030517578,0,0.0,0
2020-12-31 10:15:00+05:30,249.9499969482422,250.0,246.89999389648438,249.35000610351562,884239,0.0,0
2020-12-31 11:15:00+05:30,247.75,250.35000610351562,247.75,249.0500030517578,1654347,0.0,0
2020-12-31 12:15:00+05:30,249.10000610351562,250.10000610351562,248.8000030517578,249.75,983003,0.0,0
2020-12-31 13:15:00+05:30,249.60000610351562,250.3000030517578,248.8000030517578,249.0,1034971,0.0,0
2020-12-31 14:15:00+05:30,250.1999969482422,250.3000030517578,248.5,248.85000610351562,2777592,0.0,0
2020-12-31 15:15:00+05:30,249.0,249.0,248.5,249.0,761403,0.0,0
2021-01-01 09:15:00+05:30,249.14999389648438,250.85000610351562,248.1999969482422,249.5500030517578,0,0.0,0
2021-01-01 10:15:00+05:30,249.85000610351562,250.9499969482422,249.10000610351562,250.6999969482422,475719,0.0,0
2021-01-01 11:15:00+05:30,250.4499969482422,250.9499969482422,250.10000610351562,250.1999969482422,724547,0.0,0
2021-01-01 12:15:00+05:30,250.5500030517578,251.25,249.89999389648438,250.5,1131071,0.0,0
2021-01-01 13:15:00+05:30,250.4499969482422,250.89999389648438,250.0,250.5500030517578,883871,0.0,0
2021-01-01 14:15:00+05:30,250.35000610351562,251.25,249.85000610351562,251.0,1285339,0.0,0
2021-01-01 15:15:00+05:30,251.0500030517578,251.6999969482422,249.85000610351562,250.85000610351562,1331669,0.0,0
2021-01-04 09:15:00+05:30,252.75,252.75,250.0,251.35000610351562,0,0.0,0
2021-01-04 10:15:00+05:30,250.14999389648438,253.14999389648438,250.0,250.85000610351562,1314558,0.0,0
2021-01-04 11:15:00+05:30,252.5,252.5500030517578,250.35000610351562,252.1999969482422,1068386,0.0,0
2021-01-04 12:15:00+05:30,251.39999389648438,252.64999389648438,251.10000610351562,251.8000030517578,938382,0.0,0
2021-01-04 13:15:00+05:30,252.0,252.1999969482422,251.0,251.3000030517578,634254,0.0,0
2021-01-04 14:15:00+05:30,251.35000610351562,253.0,250.8000030517578,252.6999969482422,1641757,0.0,0
2021-01-04 15:15:00+05:30,252.75,253.8000030517578,252.5500030517578,253.10000610351562,484898,0.0,0
2021-01-05 09:15:00+05:30,251.75,256.5,250.5500030517578,252.39999389648438,0,0.0,0
2021-01-05 10:15:00+05:30,254.10000610351562,254.10000610351562,251.35000610351562,251.89999389648438,1117928,0.0,0
2021-01-05 11:15:00+05:30,251.89999389648438,253.89999389648438,251.64999389648438,253.5,1877324,0.0,0
2021-01-05 12:15:00+05:30,253.5500030517578,254.60000610351562,253.0,254.0,3495407,0.0,0
2021-01-05 13:15:00+05:30,254.1999969482422,254.60000610351562,253.25,253.8000030517578,1547781,0.0,0
2021-01-05 14:15:00+05:30,254.0,254.1999969482422,252.3000030517578,254.10000610351562,1595135,0.0,0
2021-01-05 15:15:00+05:30,254.0500030517578,255.3000030517578,252.64999389648438,254.1999969482422,1675686,0.0,0
2021-01-06 09:15:00+05:30,255.39999389648438,256.0,253.25,254.5,0,0.0,0
2021-01-06 10:15:00+05:30,254.5500030517578,256.79998779296875,253.8000030517578,256.29998779296875,2324213,0.0,0
2021-01-06 11:15:00+05:30,256.3500061035156,257.79998779296875,255.89999389648438,257.20001220703125,2502196,0.0,0
2021-01-06 12:15:00+05:30,257.1000061035156,258.5,257.0,257.6000061035156,1550699,0.0,0
2021-01-06 13:15:00+05:30,257.8999938964844,258.5,254.39999389648438,255.5,2609104,0.0,0
2021-01-06 14:15:00+05:30,256.3500061035156,262.0,254.39999389648438,260.70001220703125,5381350,0.0,0
2021-01-06 15:15:00+05:30,260.6000061035156,261.3500061035156,260.25,260.6000061035156,563027,0.0,0
2021-01-07 09:15:00+05:30,264.20001220703125,265.45001220703125,263.04998779296875,263.79998779296875,1938582,0.0,0
2021-01-07 10:15:00+05:30,264.70001220703125,266.95001220703125,261.20001220703125,266.54998779296875,2034729,0.0,0
2021-01-07 11:15:00+05:30,265.8500061035156,267.1000061035156,265.45001220703125,265.79998779296875,2020933,0.0,0
2021-01-07 12:15:00+05:30,265.8999938964844,266.8999938964844,264.79998779296875,266.04998779296875,1178019,0.0,0
2021-01-07 13:15:00+05:30,265.3999938964844,266.8999938964844,264.3999938964844,264.79998779296875,1286373,0.0,0
2021-01-07 14:15:00+05:30,266.20001220703125,266.45001220703125,262.70001220703125,263.04998779296875,1951966,0.0,0
2021-01-07 15:15:00+05:30,262.8999938964844,263.3500061035156,262.25,263.3500061035156,482402,0.0,0
2021-01-08 09:15:00+05:30,264.79998779296875,268.75,264.29998779296875,268.5,0,0.0,0
2021-01-08 10:15:00+05:30,267.0,269.1499938964844,266.5,266.95001220703125,879830,0.0,0
2021-01-08 11:15:00+05:30,266.75,267.25,265.75,266.45001220703125,911830,0.0,0
2021-01-08 12:15:00+05:30,266.5,268.45001220703125,265.75,268.0,1984347,0.0,0
2021-01-08 13:15:00+05:30,268.1000061035156,271.3999938964844,267.54998779296875,270.0,4778297,0.0,0
2021-01-08 14:15:00+05:30,270.8500061035156,271.3999938964844,268.29998779296875,270.0,2526358,0.0,0
2021-01-08 15:15:00+05:30,270.0,270.1499938964844,269.0,269.0,498463,0.0,0
2021-01-11 09:15:00+05:30,268.1499938964844,269.5,266.8999938964844,267.70001220703125,0,0.0,0
2021-01-11 10:15:00+05:30,268.54998779296875,269.3999938964844,266.0,267.1000061035156,514314,0.0,0
2021-01-11 11:15:00+05:30,267.6499938964844,269.5,266.3999938964844,269.25,1494356,0.0,0
2021-01-11 12:15:00+05:30,267.45001220703125,271.79998779296875,267.25,270.79998779296875,3849320,0.0,0
2021-01-11 13:15:00+05:30,271.0,271.70001220703125,270.04998779296875,271.3500061035156,1176699,0.0,0
2021-01-11 14:15:00+05:30,270.5,271.54998779296875,270.1499938964844,270.25,1805046,0.0,0
2021-01-11 15:15:00+05:30,270.1000061035156,271.1499938964844,269.0,270.3500061035156,1129451,0.0,0
2021-01-12 09:15:00+05:30,269.6499938964844,274.45001220703125,268.54998779296875,272.25,0,0.0,0
2021-01-12 10:15:00+05:30,271.20001220703125,272.3999938964844,269.1499938964844,269.8500061035156,3199450,0.0,0
2021-01-12 11:15:00+05:30,270.29998779296875,270.6000061035156,267.70001220703125,268.3500061035156,1508556,0.0,0
2021-01-12 12:15:00+05:30,268.5,269.29998779296875,267.29998779296875,267.8500061035156,910870,0.0,0
2021-01-12 13:15:00+05:30,267.8500061035156,269.6499938964844,267.04998779296875,269.1000061035156,1361397,0.0,0
2021-01-12 14:15:00+05:30,268.8999938964844,270.5,267.70001220703125,268.6000061035156,1732265,0.0,0
2021-01-12 15:15:00+05:30,268.5,269.95001220703125,266.79998779296875,268.1000061035156,0,0.0,0
2021-01-13 09:15:00+05:30,268.1000061035156,269.3999938964844,264.70001220703125,265.0,1145549,0.0,0
2021-01-13 10:15:00+05:30,265.0,265.54998779296875,263.25,263.54998779296875,830961,0.0,0
2021-01-13 11:15:00+05:30,264.5,264.6499938964844,263.04998779296875,264.5,1283630,0.0,0
2021-01-13 12:15:00+05:30,264.20001220703125,265.25,263.5,264.3999938964844,946502,0.0,0
2021-01-13 13:15:00+05:30,264.04998779296875,265.1499938964844,261.20001220703125,263.29998779296875,1136347,0.0,0
2021-01-13 14:15:00+05:30,261.5,265.3999938964844,261.20001220703125,265.1000061035156,2051402,0.0,0
2021-01-13 15:15:00+05:30,265.20001220703125,265.5,264.3500061035156,264.8500061035156,463526,0.0,0
2021-01-14 09:15:00+05:30,265.3999938964844,270.29998779296875,265.25,265.45001220703125,0,0.0,0
2021-01-14 10:15:00+05:30,267.6499938964844,267.75,263.6499938964844,265.0,709826,0.0,0
2021-01-14 11:15:00+05:30,264.54998779296875,265.95001220703125,263.70001220703125,264.3500061035156,952567,0.0,0
2021-01-14 12:15:00+05:30,264.3500061035156,266.8999938964844,263.1499938964844,266.20001220703125,2412190,0.0,0
2021-01-14 13:15:00+05:30,266.6000061035156,267.29998779296875,265.8999938964844,266.5,680124,0.0,0
2021-01-14 14:15:00+05:30,266.04998779296875,268.0,265.8999938964844,267.1499938964844,870766,0.0,0
2021-01-14 15:15:00+05:30,267.3500061035156,267.3500061035156,266.1499938964844,267.04998779296875,312878,0.0,0
2021-01-15 09:15:00+05:30,266.1000061035156,267.0,261.29998779296875,262.6499938964844,0,0.0,0
2021-01-15 10:15:00+05:30,262.79998779296875,263.95001220703125,262.3999938964844,263.3999938964844,285309,0.0,0
2021-01-15 11:15:00+05:30,262.79998779296875,264.1499938964844,262.5,263.5,1161510,0.0,0
2021-01-15 12:15:00+05:30,263.25,264.25,262.79998779296875,262.8999938964844,965277,0.0,0
2021-01-15 13:15:00+05:30,263.3500061035156,263.8999938964844,261.3500061035156,261.3999938964844,1847072,0.0,0
2021-01-15 14:15:00+05:30,262.79998779296875,264.3500061035156,259.6499938964844,264.04998779296875,3447310,0.0,0
2021-01-15 15:15:00+05:30,264.3500061035156,264.6000061035156,263.70001220703125,264.04998779296875,651591,0.0,0
2021-01-18 09:15:00+05:30,264.1499938964844,264.1499938964844,252.14999389648438,252.6999969482422,0,0.0,0
2021-01-18 10:15:00+05:30,253.0500030517578,253.75,248.0,253.60000610351562,1417207,0.0,0
2021-01-18 11:15:00+05:30,252.10000610351562,254.8000030517578,251.75,254.6999969482422,1516245,0.0,0
2021-01-18 12:15:00+05:30,254.25,256.25,254.0,256.20001220703125,2583017,0.0,0
2021-01-18 13:15:00+05:30,255.6999969482422,257.45001220703125,255.14999389648438,256.6499938964844,1271968,0.0,0
2021-01-18 14:15:00+05:30,257.29998779296875,257.45001220703125,255.60000610351562,256.04998779296875,1350855,0.0,0
2021-01-18 15:15:00+05:30,256.04998779296875,256.3500061035156,255.3000030517578,256.0,593813,0.0,0
2021-01-19 09:15:00+05:30,256.8500061035156,261.04998779296875,256.29998779296875,259.6000061035156,0,0.0,0
2021-01-19 10:15:00+05:30,257.70001220703125,261.04998779296875,257.70001220703125,258.1499938964844,235726,0.0,0
2021-01-19 11:15:00+05:30,258.54998779296875,261.25,258.1000061035156,260.04998779296875,775711,0.0,0
2021-01-19 12:15:00+05:30,260.1000061035156,260.6000061035156,259.0,259.70001220703125,805797,0.0,0
2021-01-19 13:15:00+05:30,260.1000061035156,260.6000061035156,258.0,260.04998779296875,1306728,0.0,0
2021-01-19 14:15:00+05:30,260.0,262.45001220703125,259.6000061035156,262.25,1370127,0.0,0
2021-01-19 15:15:00+05:30,262.25,262.79998779296875,261.3999938964844,261.8500061035156,333363,0.0,0
2021-01-20 09:15:00+05:30,262.25,262.6499938964844,258.1000061035156,259.04998779296875,0,0.0,0
2021-01-20 10:15:00+05:30,259.0,259.6499938964844,258.1000061035156,259.1000061035156,315551,0.0,0
2021-01-20 11:15:00+05:30,259.1000061035156,261.3500061035156,258.79998779296875,259.29998779296875,1420431,0.0,0
2021-01-20 12:15:00+05:30,261.0,261.1000061035156,257.75,259.0,1052561,0.0,0
2021-01-20 13:15:00+05:30,258.75,260.6000061035156,258.70001220703125,260.45001220703125,704194,0.0,0
2021-01-20 14:15:00+05:30,259.3500061035156,263.79998779296875,259.1499938964844,263.75,1770424,0.0,0
2021-01-20 15:15:00+05:30,263.79998779296875,263.8500061035156,261.0,261.0,1187043,0.0,0
2021-01-21 09:15:00+05:30,262.95001220703125,263.70001220703125,259.6499938964844,262.8999938964844,0,0.0,0
2021-01-21 10:15:00+05:30,260.75,263.45001220703125,260.70001220703125,263.3500061035156,845848,0.0,0
2021-01-21 11:15:00+05:30,263.1499938964844,265.29998779296875,262.25,263.5,2099992,0.0,0
2021-01-21 12:15:00+05:30,263.25,264.5,263.0,263.29998779296875,1694163,0.0,0
2021-01-21 13:15:00+05:30,263.1000061035156,263.54998779296875,259.79998779296875,259.79998779296875,2113524,0.0,0
2021-01-21 14:15:00+05:30,261.0,261.04998779296875,249.5,252.75,4384862,0.0,0
2021-01-21 15:15:00+05:30,252.8000030517578,254.89999389648438,252.64999389648438,254.75,565312,0.0,0
2021-01-22 09:15:00+05:30,254.6999969482422,256.75,251.14999389648438,256.70001220703125,0,0.0,0
2021-01-22 10:15:00+05:30,255.3000030517578,258.29998779296875,254.64999389648438,256.3500061035156,1133243,0.0,0
2021-01-22 11:15:00+05:30,256.79998779296875,259.79998779296875,254.0500030517578,257.8999938964844,4042602,0.0,0
2021-01-22 12:15:00+05:30,258.3500061035156,258.79998779296875,256.29998779296875,257.0,948209,0.0,0
2021-01-22 13:15:00+05:30,257.3999938964844,259.29998779296875,256.29998779296875,257.5,1151175,0.0,0
2021-01-22 14:15:00+05:30,256.54998779296875,259.6000061035156,256.29998779296875,257.1499938964844,1578632,0.0,0
2021-01-22 15:15:00+05:30,257.20001220703125,258.79998779296875,257.20001220703125,258.0,304996,0.0,0
2021-01-25 09:15:00+05:30,261.6499938964844,264.04998779296875,256.25,258.0,0,0.0,0
2021-01-25 10:15:00+05:30,258.3999938964844,259.8999938964844,256.1499938964844,258.45001220703125,892217,0.0,0
2021-01-25 11:15:00+05:30,257.3500061035156,259.0,256.5,258.5,2000665,0.0,0
2021-01-25 12:15:00+05:30,257.3500061035156,261.54998779296875,257.1000061035156,261.25,1815034,0.0,0
2021-01-25 13:15:00+05:30,259.3500061035156,261.8999938964844,258.1000061035156,258.8999938964844,2484538,0.0,0
2021-01-25 14:15:00+05:30,259.8999938964844,260.5,254.9499969482422,255.5500030517578,2248832,0.0,0
2021-01-25 15:15:00+05:30,255.6999969482422,258.29998779296875,255.6999969482422,257.0,1136791,0.0,0
2021-01-27 09:15:00+05:30,256.1000061035156,260.3999938964844,254.10000610351562,259.8999938964844,0,0.0,0
2021-01-27 10:15:00+05:30,258.54998779296875,260.3999938964844,256.0,257.45001220703125,1026365,0.0,0
2021-01-27 11:15:00+05:30,256.45001220703125,257.8999938964844,254.5,255.5500030517578,1880324,0.0,0
2021-01-27 12:15:00+05:30,255.10000610351562,256.1499938964844,254.5,254.85000610351562,1337845,0.0,0
2021-01-27 13:15:00+05:30,255.0500030517578,255.5,251.5,251.9499969482422,2060070,0.0,0
2021-01-27 14:15:00+05:30,252.60000610351562,253.4499969482422,251.1999969482422,252.39999389648438,3740601,0.0,0
2021-01-27 15:15:00+05:30,252.5,252.75,251.5,252.0,1445655,0.0,0
2021-01-28 09:15:00+05:30,249.75,250.5,247.8000030517578,247.9499969482422,0,0.0,0
2021-01-28 10:15:00+05:30,248.39999389648438,249.25,246.0,248.64999389648438,2246668,0.0,0
2021-01-28 11:15:00+05:30,247.8000030517578,249.39999389648438,247.0,247.6999969482422,2160037,0.0,0
2021-01-28 12:15:00+05:30,248.6999969482422,249.39999389648438,246.39999389648438,246.85000610351562,1803716,0.0,0
2021-01-28 13:15:00+05:30,246.9499969482422,249.5,246.5,248.14999389648438,2701955,0.0,0
2021-01-28 14:15:00+05:30,247.9499969482422,248.89999389648438,246.64999389648438,247.64999389648438,2551589,0.0,0
2021-01-28 15:15:00+05:30,247.60000610351562,248.0,247.3000030517578,247.60000610351562,470563,0.0,0
2021-01-29 09:15:00+05:30,251.1999969482422,251.1999969482422,246.3000030517578,247.14999389648438,0,0.0,0
2021-01-29 10:15:00+05:30,246.85000610351562,248.5,245.75,246.89999389648438,1194968,0.0,0
2021-01-29 11:15:00+05:30,247.0500030517578,247.9499969482422,246.0,247.14999389648438,2408809,0.0,0
2021-01-29 12:15:00+05:30,247.5,249.6999969482422,246.60000610351562,247.39999389648438,2113933,0.0,0
2021-01-29 13:15:00+05:30,249.14999389648438,249.4499969482422,245.0,246.4499969482422,2323635,0.0,0
2021-01-29 14:15:00+05:30,245.5500030517578,248.0,242.6999969482422,243.39999389648438,3314134,0.0,0
2021-01-29 15:15:00+05:30,243.35000610351562,244.0,242.0,243.9499969482422,791292,0.0,0
2021-02-01 09:15:00+05:30,246.35000610351562,246.39999389648438,242.25,244.0,0,0.0,0
2021-02-01 10:15:00+05:30,243.10000610351562,246.1999969482422,242.60000610351562,244.4499969482422,724167,0.0,0
2021-02-01 11:15:00+05:30,245.35000610351562,249.39999389648438,243.60000610351562,247.75,1402932,0.0,0
2021-02-01 12:15:00+05:30,247.6999969482422,253.89999389648438,246.85000610351562,251.89999389648438,2858564,0.0,0
2021-02-01 13:15:00+05:30,251.89999389648438,259.8999938964844,250.0,259.25,4495220,0.0,0
2021-02-01 14:15:00+05:30,258.3500061035156,262.0,257.5,260.6000061035156,2654022,0.0,0
2021-02-01 15:15:00+05:30,260.5,261.45001220703125,260.3500061035156,260.70001220703125,493603,0.0,0
2021-02-02 09:15:00+05:30,263.20001220703125,272.1000061035156,262.1499938964844,270.54998779296875,0,0.0,0
2021-02-02 10:15:00+05:30,269.1000061035156,273.75,266.95001220703125,273.3999938964844,2647816,0.0,0
2021-02-02 11:15:00+05:30,273.20001220703125,275.0,271.0,271.70001220703125,3331391,0.0,0
2021-02-02 12:15:00+05:30,271.54998779296875,277.25,270.29998779296875,277.0,2757872,0.0,0
2021-02-02 13:15:00+05:30,274.54998779296875,279.54998779296875,274.29998779296875,277.70001220703125,4564798,0.0,0
2021-02-02 14:15:00+05:30,277.6499938964844,278.45001220703125,274.6499938964844,276.3999938964844,2524669,0.0,0
2021-02-02 15:15:00+05:30,276.45001220703125,277.1499938964844,275.20001220703125,276.25,2200966,0.0,0
2021-02-03 09:15:00+05:30,276.25,278.6000061035156,272.3500061035156,274.8999938964844,0,0.0,0
2021-02-03 10:15:00+05:30,274.3500061035156,276.54998779296875,272.3999938964844,272.54998779296875,1092980,0.0,0
2021-02-03 11:15:00+05:30,273.54998779296875,273.6499938964844,270.79998779296875,271.95001220703125,2001173,0.0,0
2021-02-03 12:15:00+05:30,271.79998779296875,273.04998779296875,270.3999938964844,272.1499938964844,2288943,0.0,0
2021-02-03 13:15:00+05:30,271.95001220703125,273.0,271.6000061035156,271.79998779296875,1101308,0.0,0
2021-02-03 14:15:00+05:30,271.95001220703125,273.0,268.6000061035156,269.5,2429069,0.0,0
2021-02-03 15:15:00+05:30,269.3999938964844,269.54998779296875,268.0,268.5,691991,0.0,0
2021-02-04 09:15:00+05:30,268.1000061035156,271.45001220703125,266.6000061035156,270.1499938964844,0,0.0,0
2021-02-04 10:15:00+05:30,271.04998779296875,273.6000061035156,269.6000061035156,272.45001220703125,1504102,0.0,0
2021-02-04 11:15:00+05:30,272.75,273.1499938964844,270.79998779296875,271.0,1789903,0.0,0
2021-02-04 12:15:00+05:30,271.75,272.6499938964844,269.70001220703125,272.3500061035156,2040891,0.0,0
2021-02-04 13:15:00+05:30,271.75,275.0,271.25,272.70001220703125,3064379,0.0,0
2021-02-04 14:15:00+05:30,272.70001220703125,273.45001220703125,271.95001220703125,272.79998779296875,1736677,0.0,0
2021-02-04 15:15:00+05:30,272.75,273.29998779296875,272.0,273.1000061035156,468698,0.0,0
2021-02-05 09:15:00+05:30,273.5,275.1499938964844,268.75,270.25,0,0.0,0
2021-02-05 10:15:00+05:30,270.70001220703125,273.5,268.75,271.70001220703125,705044,0.0,0
2021-02-05 11:15:00+05:30,271.75,275.3500061035156,271.5,275.1499938964844,1746777,0.0,0
2021-02-05 12:15:00+05:30,274.04998779296875,275.29998779296875,272.20001220703125,272.75,1140653,0.0,0
2021-02-05 13:15:00+05:30,272.6000061035156,273.6000061035156,270.3500061035156,272.1000061035156,1760319,0.0,0
2021-02-05 14:15:00+05:30,272.5,273.1000061035156,270.29998779296875,271.1000061035156,1184931,0.0,0
2021-02-05 15:15:00+05:30,271.29998779296875,271.95001220703125,270.54998779296875,271.29998779296875,723216,0.0,0
2021-02-08 09:15:00+05:30,273.25,275.0,272.0,273.95001220703125,0,0.0,0
2021-02-08 10:15:00+05:30,274.1499938964844,276.25,273.6000061035156,276.04998779296875,2353650,0.0,0
2021-02-08 11:15:00+05:30,275.5,277.0,274.6499938964844,275.3500061035156,1233784,0.0,0
2021-02-08 12:15:00+05:30,275.6000061035156,275.79998779296875,274.20001220703125,275.29998779296875,713593,0.0,0
2021-02-08 13:15:00+05:30,275.0,277.45001220703125,274.95001220703125,277.25,946210,0.0,0
2021-02-08 14:15:00+05:30,276.6000061035156,278.1499938964844,274.0,274.5,2598225,0.0,0
2021-02-08 15:15:00+05:30,274.3500061035156,274.8999938964844,273.29998779296875,274.5,756999,0.0,0
2021-02-09 09:15:00+05:30,276.6000061035156,279.3999938964844,275.5,277.25,1543646,0.0,0
2021-02-09 10:15:00+05:30,277.1000061035156,277.5,276.04998779296875,277.3500061035156,692745,0.0,0
2021-02-09 11:15:00+05:30,277.0,277.5,274.5,275.1499938964844,796081,0.0,0
2021-02-09 12:15:00+05:30,276.20001220703125,276.25,274.5,275.25,789331,0.0,0
2021-02-09 13:15:00+05:30,275.79998779296875,276.0,273.8999938964844,274.20001220703125,706165,0.0,0
2021-02-09 14:15:00+05:30,275.29998779296875,275.3999938964844,269.8500061035156,270.8999938964844,1895898,0.0,0
2021-02-09 15:15:00+05:30,270.6499938964844,271.45001220703125,270.0,271.0,336057,0.0,0
2021-02-10 09:15:00+05:30,271.8999938964844,277.75,271.8999938964844,274.29998779296875,0,0.0,0
2021-02-10 10:15:00+05:30,275.0,275.79998779296875,272.0,272.8999938964844,1023065,0.0,0
2021-02-10 11:15:00+05:30,273.1000061035156,274.20001220703125,272.0,273.70001220703125,1410998,0.0,0
2021-02-10 12:15:00+05:30,273.79998779296875,274.5,272.1000061035156,272.79998779296875,1054644,0.0,0
2021-02-10 13:15:00+05:30,273.25,274.3500061035156,271.3999938964844,273.6000061035156,1057336,0.0,0
2021-02-10 14:15:00+05:30,273.45001220703125,274.3999938964844,271.3999938964844,272.20001220703125,1329337,0.0,0
2021-02-10 15:15:00+05:30,272.25,273.04998779296875,271.0,271.8999938964844,1143651,0.0,0
2021-02-11 09:15:00+05:30,272.3999938964844,275.8500061035156,271.79998779296875,275.04998779296875,0,0.0,0
2021-02-11 10:15:00+05:30,274.75,277.5,274.25,277.1000061035156,914207,0.0,0
2021-02-11 11:15:00+05:30,277.25,277.5,275.1000061035156,276.54998779296875,1814800,0.0,0
2021-02-11 12:15:00+05:30,275.54998779296875,277.20001220703125,275.1000061035156,276.45001220703125,1029784,0.0,0
2021-02-11 13:15:00+05:30,276.1499938964844,276.75,275.54998779296875,276.6000061035156,1002976,0.0,0
2021-02-11 14:15:00+05:30,275.8500061035156,277.75,275.75,276.8500061035156,1512318,0.0,0
2021-02-11 15:15:00+05:30,276.75,277.20001220703125,276.04998779296875,276.25,669015,0.0,0
2021-02-12 09:15:00+05:30,275.20001220703125,284.8999938964844,274.3500061035156,280.75,0,0.0,0
2021-02-12 10:15:00+05:30,283.0,283.0,279.54998779296875,281.8999938964844,6504852,0.0,0
2021-02-12 11:15:00+05:30,281.70001220703125,282.6000061035156,280.0,282.1000061035156,1682342,0.0,0
2021-02-12 12:15:00+05:30,280.8999938964844,283.5,280.0,281.79998779296875,1872808,0.0,0
2021-02-12 13:15:00+05:30,282.0,282.1499938964844,276.70001220703125,277.95001220703125,2263172,0.0,0
2021-02-12 14:15:00+05:30,277.8500061035156,279.29998779296875,276.70001220703125,277.20001220703125,1752424,0.0,0
2021-02-12 15:15:00+05:30,277.20001220703125,277.8999938964844,276.79998779296875,277.3500061035156,472143,0.0,0
2021-02-15 09:15:00+05:30,281.70001220703125,282.0,279.0,280.75,0,0.0,0
2021-02-15 10:15:00+05:30,280.1000061035156,283.1000061035156,280.04998779296875,282.1499938964844,770024,0.0,0
2021-02-15 11:15:00+05:30,282.1000061035156,282.8500061035156,281.75,282.6000061035156,757397,0.0,0
2021-02-15 12:15:00+05:30,282.5,285.79998779296875,281.75,284.70001220703125,3539458,0.0,0
2021-02-15 13:15:00+05:30,285.0,285.79998779296875,283.54998779296875,284.8999938964844,1808230,0.0,0
2021-02-15 14:15:00+05:30,284.3500061035156,285.5,282.1499938964844,283.20001220703125,2309328,0.0,0
2021-02-15 15:15:00+05:30,283.3500061035156,285.0,282.75,285.0,458155,0.0,0
2021-02-16 09:15:00+05:30,286.3500061035156,287.1000061035156,284.20001220703125,286.45001220703125,0,0.0,0
2021-02-16 10:15:00+05:30,284.75,286.8999938964844,283.54998779296875,283.79998779296875,3599424,0.0,0
2021-02-16 11:15:00+05:30,284.1499938964844,285.0,282.5,283.70001220703125,1835304,0.0,0
2021-02-16 12:15:00+05:30,283.0,284.29998779296875,280.6000061035156,281.0,1165489,0.0,0
2021-02-16 13:15:00+05:30,281.5,281.95001220703125,280.20001220703125,281.6499938964844,1040277,0.0,0
2021-02-16 14:15:00+05:30,280.45001220703125,284.54998779296875,280.45001220703125,284.20001220703125,1154710,0.0,0
2021-02-16 15:15:00+05:30,284.1000061035156,284.95001220703125,283.70001220703125,284.0,426586,0.0,0
2021-02-17 09:15:00+05:30,284.6499938964844,289.45001220703125,284.6499938964844,288.20001220703125,2399649,0.0,0
2021-02-17 10:15:00+05:30,288.54998779296875,290.3999938964844,286.54998779296875,286.95001220703125,1459737,0.0,0
2021-02-17 11:15:00+05:30,288.3999938964844,288.5,285.6000061035156,285.8500061035156,3024452,0.0,0
2021-02-17 12:15:00+05:30,287.8500061035156,287.8999938964844,284.75,285.45001220703125,2635350,0.0,0
2021-02-17 13:15:00+05:30,285.79998779296875,287.25,284.6499938964844,287.1499938964844,2164639,0.0,0
2021-02-17 14:15:00+05:30,286.95001220703125,287.6000061035156,285.75,286.70001220703125,2297755,0.0,0
2021-02-17 15:15:00+05:30,286.75,288.0,286.04998779296875,287.70001220703125,1105956,0.0,0
2021-02-18 09:15:00+05:30,290.3999938964844,290.3999938964844,281.75,283.5,0,0.0,0
2021-02-18 10:15:00+05:30,284.29998779296875,285.54998779296875,283.1000061035156,284.0,736640,0.0,0
2021-02-18 11:15:00+05:30,284.8500061035156,284.95001220703125,280.79998779296875,282.8500061035156,2465093,0.0,0
2021-02-18 12:15:00+05:30,282.45001220703125,283.0,281.1000061035156,282.54998779296875,1067777,0.0,0
2021-02-18 13:15:00+05:30,281.75,282.8999938964844,281.3999938964844,281.70001220703125,848552,0.0,0
2021-02-18 14:15:00+05:30,281.8500061035156,284.29998779296875,281.45001220703125,282.6000061035156,2160721,0.0,0
2021-02-18 15:15:00+05:30,282.75,284.0,281.3500061035156,283.95001220703125,639826,0.0,0
2021-02-19 09:15:00+05:30,286.8500061035156,286.8500061035156,279.20001220703125,280.3999938964844,1054015,0.0,0
2021-02-19 10:15:00+05:30,282.29998779296875,282.5,276.5,276.6000061035156,2245811,0.0,0
2021-02-19 11:15:00+05:30,278.29998779296875,278.3999938964844,275.0,276.5,3099704,0.0,0
2021-02-19 12:15:00+05:30,276.95001220703125,277.6000061035156,275.1000061035156,276.8999938964844,1662901,0.0,0
2021-02-19 13:15:00+05:30,275.8999938964844,277.6000061035156,273.45001220703125,273.45001220703125,1982778,0.0,0
2021-02-19 14:15:00+05:30,275.79998779296875,277.04998779296875,273.1000061035156,275.8500061035156,5041627,0.0,0
2021-02-19 15:15:00+05:30,275.79998779296875,276.25,273.6000061035156,274.95001220703125,1534330,0.0,0
2021-02-22 09:15:00+05:30,275.5,276.54998779296875,269.29998779296875,269.6000061035156,0,0.0,0
2021-02-22 10:15:00+05:30,270.75,273.20001220703125,269.1000061035156,271.8999938964844,1065459,0.0,0
2021-02-22 11:15:00+05:30,272.8999938964844,272.95001220703125,268.25,269.1499938964844,2174992,0.0,0
2021-02-22 12:15:00+05:30,268.3999938964844,271.25,268.3500061035156,269.29998779296875,1771118,0.0,0
2021-02-22 13:15:00+05:30,269.5,270.29998779296875,266.75,267.04998779296875,1335071,0.0,0
2021-02-22 14:15:00+05:30,267.04998779296875,268.5,266.20001220703125,267.45001220703125,1720139,0.0,0
2021-02-22 15:15:00+05:30,267.3999938964844,267.5,265.79998779296875,266.25,572232,0.0,0
2021-02-23 09:15:00+05:30,269.25,270.6000061035156,263.20001220703125,265.25,0,0.0,0
2021-02-23 10:15:00+05:30,264.75,268.29998779296875,263.20001220703125,267.75,3573402,0.0,0
2021-02-23 11:15:00+05:30,267.04998779296875,268.8500061035156,266.0,268.29998779296875,1638084,0.0,0
2021-02-23 12:15:00+05:30,267.79998779296875,269.29998779296875,267.0,268.79998779296875,2318492,0.0,0
2021-02-23 13:15:00+05:30,267.70001220703125,269.20001220703125,265.25,266.25,2286777,0.0,0
2021-02-23 14:15:00+05:30,266.70001220703125,267.0,264.29998779296875,264.45001220703125,1222087,0.0,0
2021-02-23 15:15:00+05:30,264.6000061035156,265.1499938964844,264.0,265.0,470077,0.0,0
2021-02-24 09:15:00+05:30,266.54998779296875,270.29998779296875,266.5,269.75,1176578,0.0,0
2021-02-24 10:15:00+05:30,269.6000061035156,270.29998779296875,267.6499938964844,268.1000061035156,519020,0.0,0
2021-02-24 11:15:00+05:30,268.0,268.95001220703125,264.70001220703125,264.70001220703125,554793,0.0,0
2021-02-25 09:15:00+05:30,272.70001220703125,274.5,271.3999938964844,272.20001220703125,0,0.0,0
2021-02-25 10:15:00+05:30,272.6499938964844,273.79998779296875,271.5,273.3500061035156,880971,0.0,0
2021-02-25 11:15:00+05:30,272.29998779296875,273.79998779296875,272.0,272.70001220703125,1318830,0.0,0
2021-02-25 12:15:00+05:30,272.3999938964844,274.70001220703125,272.0,274.0,3219694,0.0,0
2021-02-25 13:15:00+05:30,273.6000061035156,279.1000061035156,273.29998779296875,278.1499938964844,3089947,0.0,0
2021-02-25 14:15:00+05:30,277.20001220703125,279.5,276.75,278.8500061035156,2004819,0.0,0
2021-02-25 15:15:00+05:30,278.75,281.6000061035156,277.8500061035156,279.70001220703125,2410163,0.0,0
2021-02-26 09:15:00+05:30,276.75,282.5,274.95001220703125,282.0,0,0.0,0
2021-02-26 10:15:00+05:30,280.5,288.5,279.20001220703125,285.70001220703125,4456030,0.0,0
2021-02-26 11:15:00+05:30,288.0,288.5,279.45001220703125,281.1499938964844,9443967,0.0,0
2021-02-26 12:15:00+05:30,283.1499938964844,283.20001220703125,277.25,277.79998779296875,7028005,0.0,0
2021-02-26 13:15:00+05:30,279.6499938964844,279.70001220703125,275.6000061035156,275.70001220703125,2729061,0.0,0
2021-02-26 14:15:00+05:30,277.3500061035156,277.70001220703125,273.6499938964844,274.0,5086926,0.0,0
2021-02-26 15:15:00+05:30,273.8999938964844,274.3999938964844,271.6499938964844,272.8999938964844,1609918,0.0,0
2021-03-01 09:15:00+05:30,275.8999938964844,277.04998779296875,274.04998779296875,275.29998779296875,0,0.0,0
2021-03-01 10:15:00+05:30,275.75,277.6000061035156,275.1000061035156,275.8500061035156,519576,0.0,0
2021-03-01 11:15:00+05:30,277.5,277.6000061035156,273.5,275.5,978040,0.0,0
2021-03-01 12:15:00+05:30,274.3500061035156,277.45001220703125,273.79998779296875,277.45001220703125,736266,0.0,0
2021-03-01 13:15:00+05:30,276.1499938964844,277.5,276.0,276.79998779296875,852183,0.0,0
2021-03-01 14:15:00+05:30,276.1499938964844,279.54998779296875,276.0,278.3500061035156,1670565,0.0,0
2021-03-01 15:15:00+05:30,277.79998779296875,278.8999938964844,277.45001220703125,278.1499938964844,279858,0.0,0
2021-03-02 09:15:00+05:30,279.04998779296875,283.3999938964844,278.0,282.1000061035156,0,0.0,0
2021-03-02 10:15:00+05:30,282.0,282.79998779296875,279.29998779296875,279.79998779296875,608632,0.0,0
2021-03-02 11:15:00+05:30,280.3999938964844,280.75,278.5,279.25,860022,0.0,0
2021-03-02 12:15:00+05:30,279.3500061035156,279.95001220703125,278.70001220703125,278.95001220703125,858666,0.0,0
2021-03-02 13:15:00+05:30,278.8999938964844,279.75,278.75,279.04998779296875,710913,0.0,0
2021-03-02 14:15:00+05:30,279.0,279.3500061035156,277.1000061035156,279.0,1363233,0.0,0
2021-03-02 15:15:00+05:30,278.8999938964844,279.20001220703125,278.0,278.79998779296875,1271081,0.0,0
2021-03-03 09:15:00+05:30,281.5,283.25,280.3500061035156,282.1000061035156,0,0.0,0
2021-03-03 10:15:00+05:30,282.45001220703125,284.1499938964844,282.0,283.04998779296875,2237214,0.0,0
2021-03-03 11:15:00+05:30,283.1499938964844,285.8999938964844,282.0,282.54998779296875,1871040,0.0,0
2021-03-03 12:15:00+05:30,283.0,283.20001220703125,281.1000061035156,281.1499938964844,871468,0.0,0
2021-03-03 13:15:00+05:30,281.70001220703125,281.75,279.6000061035156,279.75,837478,0.0,0
2021-03-03 14:15:00+05:30,280.04998779296875,282.6499938964844,279.54998779296875,282.1499938964844,1440414,0.0,0
2021-03-03 15:15:00+05:30,282.25,282.79998779296875,281.04998779296875,282.1000061035156,0,0.0,0
2021-03-04 09:15:00+05:30,280.45001220703125,283.45001220703125,278.79998779296875,282.6499938964844,1252356,0.0,0
2021-03-04 10:15:00+05:30,282.79998779296875,284.3500061035156,281.75,283.8500061035156,463546,0.0,0
2021-03-04 11:15:00+05:30,283.75,284.8500061035156,282.1000061035156,284.1499938964844,784582,0.0,0
2021-03-04 12:15:00+05:30,283.1000061035156,284.8500061035156,282.79998779296875,284.25,773161,0.0,0
2021-03-04 13:15:00+05:30,284.25,285.54998779296875,283.1499938964844,285.5,1679873,0.0,0
2021-03-04 14:15:00+05:30,284.1499938964844,294.1499938964844,283.5,291.54998779296875,11407998,0.0,0
2021-03-04 15:15:00+05:30,291.54998779296875,293.45001220703125,291.20001220703125,292.8999938964844,976028,0.0,0
2021-03-05 09:15:00+05:30,291.8500061035156,297.54998779296875,288.70001220703125,296.04998779296875,4796156,0.0,0
2021-03-05 10:15:00+05:30,296.8999938964844,298.25,290.3999938964844,291.75,12859011,0.0,0
2021-03-05 11:15:00+05:30,291.3999938964844,293.5,290.1000061035156,290.20001220703125,2516333,0.0,0
2021-03-05 12:15:00+05:30,291.70001220703125,291.75,286.8500061035156,288.25,2454138,0.0,0
2021-03-05 13:15:00+05:30,289.3999938964844,290.1000061035156,283.79998779296875,285.1499938964844,2678619,0.0,0
2021-03-05 14:15:00+05:30,287.45001220703125,287.45001220703125,283.20001220703125,284.8500061035156,2475129,0.0,0
2021-03-05 15:15:00+05:30,284.70001220703125,286.25,283.20001220703125,284.79998779296875,0,0.0,0
2021-03-08 09:15:00+05:30,286.75,289.29998779296875,286.3500061035156,288.5,0,0.0,0
2021-03-08 10:15:00+05:30,288.6499938964844,289.29998779296875,286.1000061035156,288.3999938964844,514127,0.0,0
2021-03-08 11:15:00+05:30,287.70001220703125,291.0,287.1000061035156,288.3999938964844,1633243,0.0,0
2021-03-08 12:15:00+05:30,290.0,290.0,285.3500061035156,287.1000061035156,1271145,0.0,0
2021-03-08 13:15:00+05:30,285.45001220703125,287.29998779296875,285.0,285.75,683935,0.0,0
2021-03-08 14:15:00+05:30,286.29998779296875,288.3500061035156,284.20001220703125,285.20001220703125,1279024,0.0,0
2021-03-08 15:15:00+05:30,285.20001220703125,286.45001220703125,284.8999938964844,286.1000061035156,340719,0.0,0
2021-03-09 09:15:00+05:30,287.95001220703125,293.20001220703125,287.95001220703125,290.1000061035156,0,0.0,0
2021-03-09 10:15:00+05:30,290.20001220703125,291.75,289.3500061035156,290.54998779296875,2639164,0.0,0
2021-03-09 11:15:00+05:30,291.5,291.75,289.1000061035156,289.25,937668,0.0,0
2021-03-09 12:15:00+05:30,289.70001220703125,289.8999938964844,286.25,286.3999938964844,1258778,0.0,0
2021-03-09 13:15:00+05:30,288.1499938964844,290.0,285.25,287.45001220703125,1694916,0.0,0
2021-03-09 14:15:00+05:30,289.3500061035156,291.5,287.1000061035156,291.0,2114087,0.0,0
2021-03-09 15:15:00+05:30,290.95001220703125,291.79998779296875,290.0,290.8999938964844,536767,0.0,0
2021-03-10 09:15:00+05:30,292.54998779296875,293.6499938964844,289.54998779296875,291.45001220703125,1105449,0.0,0
2021-03-10 10:15:00+05:30,290.79998779296875,292.29998779296875,289.04998779296875,289.3500061035156,418471,0.0,0
2021-03-10 11:15:00+05:30,290.04998779296875,291.5,289.0,291.25,997271,0.0,0
2021-03-10 12:15:00+05:30,291.29998779296875,292.1000061035156,290.95001220703125,291.25,726506,0.0,0
2021-03-10 13:15:00+05:30,291.29998779296875,292.20001220703125,290.04998779296875,291.54998779296875,977145,0.0,0
2021-03-10 14:15:00+05:30,291.6000061035156,292.8999938964844,290.75,291.79998779296875,1243187,0.0,0
2021-03-10 15:15:00+05:30,291.79998779296875,292.6000061035156,291.6000061035156,291.70001220703125,328173,0.0,0
2021-03-12 09:15:00+05:30,293.25,293.54998779296875,289.25,289.6000061035156,0,0.0,0
2021-03-12 10:15:00+05:30,290.1000061035156,290.70001220703125,288.0,288.8999938964844,703983,0.0,0
2021-03-12 11:15:00+05:30,288.5,291.0,288.0,290.20001220703125,848847,0.0,0
2021-03-12 12:15:00+05:30,290.29998779296875,292.3999938964844,289.95001220703125,291.3999938964844,1730207,0.0,0
2021-03-12 13:15:00+05:30,291.1499938964844,291.70001220703125,288.75,288.75,1835306,0.0,0
2021-03-12 14:15:00+05:30,290.6000061035156,290.95001220703125,287.5,289.6499938964844,2752348,0.0,0
2021-03-12 15:15:00+05:30,289.70001220703125,290.0,288.3999938964844,288.6499938964844,382323,0.0,0
2021-03-15 09:15:00+05:30,290.8999938964844,290.8999938964844,281.3500061035156,282.25,999851,0.0,0
2021-03-15 10:15:00+05:30,283.8999938964844,284.1499938964844,281.5,281.8500061035156,945228,0.0,0
2021-03-15 11:15:00+05:30,282.75,283.0,281.5,281.70001220703125,1775639,0.0,0
2021-03-15 12:15:00+05:30,282.5,282.6499938964844,279.0,279.6499938964844,1557134,0.0,0
2021-03-15 13:15:00+05:30,280.1499938964844,282.5,279.0,282.0,858352,0.0,0
2021-03-15 14:15:00+05:30,282.0,284.45001220703125,281.0,283.29998779296875,1215429,0.0,0
2021-03-15 15:15:00+05:30,283.5,284.20001220703125,282.79998779296875,283.6499938964844,0,0.0,0
2021-03-16 09:15:00+05:30,284.95001220703125,287.3999938964844,284.95001220703125,285.8999938964844,630569,0.0,0
2021-03-16 10:15:00+05:30,286.1499938964844,288.0,285.5,286.79998779296875,2305249,0.0,0
2021-03-16 11:15:00+05:30,286.6000061035156,289.8500061035156,286.54998779296875,289.5,3876243,0.0,0
2021-03-16 12:15:00+05:30,288.8500061035156,290.0,286.04998779296875,286.1000061035156,2746877,0.0,0
2021-03-16 13:15:00+05:30,286.75,287.45001220703125,284.6499938964844,285.54998779296875,1426426,0.0,0
2021-03-16 14:15:00+05:30,286.0,286.70001220703125,284.95001220703125,285.3500061035156,1464676,0.0,0
2021-03-16 15:15:00+05:30,286.1499938964844,286.3999938964844,285.04998779296875,285.54998779296875,1071288,0.0,0
2021-03-17 09:15:00+05:30,285.8999938964844,287.25,282.20001220703125,282.25,756533,0.0,0
2021-03-17 10:15:00+05:30,283.20001220703125,284.5,281.70001220703125,282.04998779296875,982889,0.0,0
2021-03-17 11:15:00+05:30,281.95001220703125,282.70001220703125,281.0,281.04998779296875,1701253,0.0,0
2021-03-17 12:15:00+05:30,281.54998779296875,282.5,280.54998779296875,281.1499938964844,1008146,0.0,0
2021-03-17 13:15:00+05:30,281.70001220703125,282.3500061035156,280.25,280.3999938964844,1258451,0.0,0
2021-03-17 14:15:00+05:30,281.5,282.8999938964844,280.04998779296875,280.79998779296875,2185242,0.0,0
2021-03-17 15:15:00+05:30,281.3500061035156,281.8500061035156,280.1000061035156,280.8500061035156,0,0.0,0
2021-03-18 09:15:00+05:30,283.6000061035156,285.75,282.79998779296875,284.1499938964844,903461,0.0,0
2021-03-18 10:15:00+05:30,284.1499938964844,285.0,283.1499938964844,284.45001220703125,950171,0.0,0
2021-03-18 11:15:00+05:30,284.5,285.25,283.54998779296875,285.1499938964844,639892,0.0,0
2021-03-18 12:15:00+05:30,285.04998779296875,285.6499938964844,284.1000061035156,284.1499938964844,913381,0.0,0
2021-03-18 13:15:00+05:30,285.3500061035156,285.3999938964844,279.5,279.54998779296875,2067097,0.0,0
2021-03-18 14:15:00+05:30,281.8999938964844,282.29998779296875,277.6499938964844,281.25,1410610,0.0,0
2021-03-18 15:15:00+05:30,281.0,282.5,280.3500061035156,281.04998779296875,764550,0.0,0
2021-03-19 09:15:00+05:30,277.75,281.6499938964844,274.25,280.0,0,1.0,0
2021-03-19 10:15:00+05:30,280.25,283.8999938964844,279.20001220703125,283.3500061035156,2834610,0.0,0
2021-03-19 11:15:00+05:30,283.8999938964844,283.8999938964844,280.54998779296875,282.8999938964844,2126767,0.0,0
2021-03-19 12:15:00+05:30,282.6499938964844,283.20001220703125,280.04998779296875,280.3500061035156,1138856,0.0,0
2021-03-19 13:15:00+05:30,280.3999938964844,283.0,280.04998779296875,282.45001220703125,915006,0.0,0
2021-03-19 14:15:00+05:30,282.5,284.5,281.70001220703125,283.1000061035156,2222419,0.0,0
2021-03-19 15:15:00+05:30,283.25,284.5,282.95001220703125,284.3999938964844,601770,0.0,0
2021-03-22 09:15:00+05:30,284.45001220703125,294.6499938964844,281.75,293.6499938964844,0,0.0,0
2021-03-22 10:15:00+05:30,291.20001220703125,294.6499938964844,289.3999938964844,291.20001220703125,4036026,0.0,0
2021-03-22 11:15:00+05:30,289.70001220703125,294.0,289.3999938964844,292.75,2983009,0.0,0
2021-03-22 12:15:00+05:30,293.1499938964844,295.20001220703125,291.70001220703125,293.95001220703125,3803247,0.0,0
2021-03-22 13:15:00+05:30,294.1000061035156,294.95001220703125,293.5,293.75,1716394,0.0,0
2021-03-22 14:15:00+05:30,293.79998779296875,295.0,292.45001220703125,294.75,2573082,0.0,0
2021-03-22 15:15:00+05:30,294.6000061035156,297.79998779296875,294.3999938964844,297.1499938964844,1046195,0.0,0
2021-03-23 09:15:00+05:30,297.20001220703125,300.0,293.54998779296875,295.70001220703125,2332675,0.0,0
2021-03-23 10:15:00+05:30,297.0,298.25,295.0,296.45001220703125,1570055,0.0,0
2021-03-23 11:15:00+05:30,296.70001220703125,297.6000061035156,296.0,296.8500061035156,599480,0.0,0
2021-03-23 12:15:00+05:30,296.3999938964844,304.70001220703125,296.29998779296875,304.25,3664709,0.0,0
2021-03-23 13:15:00+05:30,301.5,305.0,300.1000061035156,301.1000061035156,6151664,0.0,0
2021-03-23 14:15:00+05:30,301.0,306.3500061035156,300.1000061035156,306.1000061035156,3830291,0.0,0
2021-03-23 15:15:00+05:30,305.75,306.20001220703125,304.0,304.70001220703125,1043128,0.0,0
2021-03-24 09:15:00+05:30,302.0,306.20001220703125,301.3999938964844,303.45001220703125,1911762,0.0,0
2021-03-24 10:15:00+05:30,304.6499938964844,305.95001220703125,303.0,304.45001220703125,2443385,0.0,0
2021-03-24 11:15:00+05:30,304.5,307.0,303.3999938964844,306.3999938964844,1890130,0.0,0
2021-03-24 12:15:00+05:30,305.25,307.5,304.75,305.0,3228564,0.0,0
2021-03-24 13:15:00+05:30,305.3500061035156,306.0,304.75,305.6000061035156,1425392,0.0,0
2021-03-24 14:15:00+05:30,305.25,306.0,302.04998779296875,303.04998779296875,4324938,0.0,0
2021-03-24 15:15:00+05:30,303.29998779296875,305.0,302.8500061035156,304.95001220703125,737506,0.0,0
2021-03-25 09:15:00+05:30,305.6000061035156,306.75,298.45001220703125,299.79998779296875,2076094,0.0,0
2021-03-25 10:15:00+05:30,299.45001220703125,300.20001220703125,296.6000061035156,296.75,1323371,0.0,0
2021-03-25 11:15:00+05:30,298.8500061035156,299.0,293.70001220703125,295.6000061035156,1570956,0.0,0
2021-03-25 12:15:00+05:30,295.45001220703125,295.8500061035156,293.0,294.45001220703125,1142682,0.0,0
2021-03-25 13:15:00+05:30,294.54998779296875,297.29998779296875,293.0,295.3500061035156,1784878,0.0,0
2021-03-25 14:15:00+05:30,295.54998779296875,296.6499938964844,293.29998779296875,294.29998779296875,2176058,0.0,0
2021-03-25 15:15:00+05:30,294.20001220703125,295.04998779296875,293.1499938964844,294.54998779296875,359692,0.0,0
2021-03-26 09:15:00+05:30,298.1000061035156,300.70001220703125,295.5,298.29998779296875,2351896,0.0,0
2021-03-26 10:15:00+05:30,299.0,299.8999938964844,295.8500061035156,296.04998779296875,1438905,0.0,0
2021-03-26 11:15:00+05:30,296.3999938964844,297.70001220703125,295.25,296.54998779296875,1505450,0.0,0
2021-03-26 12:15:00+05:30,296.6499938964844,297.0,294.5,295.0,1382895,0.0,0
2021-03-26 13:15:00+05:30,295.25,297.3999938964844,293.54998779296875,296.6000061035156,2435535,0.0,0
2021-03-26 14:15:00+05:30,295.5,297.3999938964844,294.04998779296875,294.95001220703125,1579171,0.0,0
2021-03-26 15:15:00+05:30,294.8999938964844,295.79998779296875,294.3500061035156,295.5,435483,0.0,0
2021-03-30 09:15:00+05:30,296.79998779296875,303.5,295.8500061035156,302.5,0,0.0,0
2021-03-30 10:15:00+05:30,302.8500061035156,303.5,301.6499938964844,302.1499938964844,1030398,0.0,0
2021-03-30 11:15:00+05:30,302.1499938964844,303.29998779296875,300.70001220703125,301.6499938964844,1852000,0.0,0
2021-03-30 12:15:00+05:30,302.1000061035156,302.79998779296875,300.75,301.45001220703125,815450,0.0,0
2021-03-30 13:15:00+05:30,301.3999938964844,302.45001220703125,300.5,301.45001220703125,976241,0.0,0
2021-03-30 14:15:00+05:30,301.29998779296875,302.45001220703125,299.5,300.3500061035156,2315394,0.0,0
2021-03-30 15:15:00+05:30,300.1499938964844,300.29998779296875,298.45001220703125,299.0,951084,0.0,0
2021-03-31 09:15:00+05:30,299.25,303.6000061035156,299.0,302.8999938964844,0,0.0,0
2021-03-31 10:15:00+05:30,302.3500061035156,304.79998779296875,302.0,304.6000061035156,1927358,0.0,0
2021-03-31 11:15:00+05:30,302.6499938964844,305.5,302.3999938964844,305.1499938964844,1667134,0.0,0
2021-03-31 12:15:00+05:30,304.45001220703125,306.29998779296875,304.1000061035156,305.8500061035156,1505300,0.0,0
2021-03-31 13:15:00+05:30,305.5,306.6499938964844,304.20001220703125,306.54998779296875,1291308,0.0,0
2021-03-31 14:15:00+05:30,305.6000061035156,310.8500061035156,305.25,309.1499938964844,5212541,0.0,0
2021-03-31 15:15:00+05:30,309.5,309.5,307.5,308.8500061035156,2110622,0.0,0
2021-04-01 09:15:00+05:30,311.5,311.6000061035156,307.5,310.1000061035156,0,0.0,0
2021-04-01 10:15:00+05:30,308.6000061035156,310.79998779296875,308.1499938964844,309.3500061035156,1203268,0.0,0
2021-04-01 11:15:00+05:30,309.1499938964844,311.3500061035156,308.5,310.8500061035156,935332,0.0,0
2021-04-01 12:15:00+05:30,310.1499938964844,313.04998779296875,309.8999938964844,313.04998779296875,1102240,0.0,0
2021-04-01 13:15:00+05:30,310.3999938964844,313.45001220703125,310.1000061035156,312.04998779296875,1273181,0.0,0
2021-04-01 14:15:00+05:30,311.25,312.6000061035156,309.8999938964844,311.3999938964844,1128192,0.0,0
2021-04-01 15:15:00+05:30,310.75,312.0,309.3500061035156,311.0,712071,0.0,0
2021-04-05 09:15:00+05:30,310.3999938964844,314.8999938964844,308.5,310.0,0,0.0,0
2021-04-05 10:15:00+05:30,311.20001220703125,311.79998779296875,305.29998779296875,305.3500061035156,2409148,0.0,0
2021-04-05 11:15:00+05:30,306.79998779296875,307.45001220703125,303.70001220703125,305.6000061035156,1681449,0.0,0
2021-04-05 12:15:00+05:30,304.04998779296875,306.5,301.54998779296875,302.04998779296875,1570293,0.0,0
2021-04-05 13:15:00+05:30,302.8999938964844,303.54998779296875,301.54998779296875,303.1499938964844,1316201,0.0,0
2021-04-05 14:15:00+05:30,302.6499938964844,306.95001220703125,302.0,306.45001220703125,2736664,0.0,0
2021-04-05 15:15:00+05:30,306.6499938964844,307.3999938964844,304.6000061035156,306.04998779296875,1270877,0.0,0
2021-04-06 09:15:00+05:30,307.0,309.45001220703125,305.0,308.5,0,0.0,0
2021-04-06 10:15:00+05:30,307.6499938964844,308.6499938964844,306.79998779296875,307.04998779296875,1031342,0.0,0
2021-04-06 11:15:00+05:30,307.75,308.0,305.20001220703125,305.25,954706,0.0,0
2021-04-06 12:15:00+05:30,306.54998779296875,307.0,303.6499938964844,304.1000061035156,1215894,0.0,0
2021-04-06 13:15:00+05:30,304.29998779296875,306.5,303.3999938964844,306.1000061035156,1069268,0.0,0
2021-04-06 14:15:00+05:30,304.75,307.0,304.6499938964844,305.3999938964844,1369476,0.0,0
2021-04-06 15:15:00+05:30,305.5,305.75,304.6499938964844,305.29998779296875,183466,0.0,0
2021-04-07 09:15:00+05:30,305.5,311.29998779296875,305.5,308.25,0,0.0,0
2021-04-07 10:15:00+05:30,308.8500061035156,309.70001220703125,307.75,308.70001220703125,649254,0.0,0
2021-04-07 11:15:00+05:30,309.04998779296875,309.04998779296875,307.0,307.79998779296875,564004,0.0,0
2021-04-07 12:15:00+05:30,307.29998779296875,309.0,307.0,308.95001220703125,293762,0.0,0
2021-04-07 13:15:00+05:30,307.6499938964844,309.0,306.3500061035156,307.5,550391,0.0,0
2021-04-07 14:15:00+05:30,306.8500061035156,309.1000061035156,306.79998779296875,308.8500061035156,810334,0.0,0
2021-04-07 15:15:00+05:30,307.8500061035156,309.1000061035156,307.8500061035156,308.6499938964844,512343,0.0,0
2021-04-08 09:15:00+05:30,309.3500061035156,313.3999938964844,309.3500061035156,311.45001220703125,0,0.0,0
2021-04-08 10:15:00+05:30,311.8500061035156,312.54998779296875,310.20001220703125,312.04998779296875,859676,0.0,0
2021-04-08 11:15:00+05:30,311.29998779296875,312.54998779296875,309.6499938964844,310.0,648614,0.0,0
2021-04-08 12:15:00+05:30,310.0,314.20001220703125,309.6499938964844,314.20001220703125,1401750,0.0,0
2021-04-08 13:15:00+05:30,313.0,318.3500061035156,312.8500061035156,317.95001220703125,3408881,0.0,0
2021-04-08 14:15:00+05:30,316.70001220703125,320.75,315.70001220703125,320.75,3515843,0.0,0
2021-04-08 15:15:00+05:30,320.70001220703125,326.8500061035156,320.6499938964844,326.1000061035156,984427,0.0,0
2021-04-09 09:15:00+05:30,324.6000061035156,329.79998779296875,320.79998779296875,322.1000061035156,0,0.0,0
2021-04-09 10:15:00+05:30,321.8500061035156,323.1000061035156,317.8500061035156,318.54998779296875,4095511,0.0,0
2021-04-09 11:15:00+05:30,320.8500061035156,320.8999938964844,316.1000061035156,319.0,2066745,0.0,0
2021-04-09 12:15:00+05:30,318.25,320.5,317.04998779296875,317.54998779296875,897237,0.0,0
2021-04-09 13:15:00+05:30,317.8500061035156,318.0,314.6499938964844,317.3999938964844,4246408,0.0,0
2021-04-09 14:15:00+05:30,315.3500061035156,318.0,315.25,316.45001220703125,2209337,0.0,0
2021-04-09 15:15:00+05:30,316.54998779296875,317.29998779296875,314.8999938964844,315.6000061035156,1134308,0.0,0
2021-04-12 09:15:00+05:30,310.8999938964844,310.8999938964844,299.8999938964844,309.0,0,0.0,0
2021-04-12 10:15:00+05:30,308.1499938964844,312.1000061035156,306.70001220703125,309.29998779296875,4376957,0.0,0
2021-04-12 11:15:00+05:30,311.54998779296875,311.54998779296875,306.1000061035156,308.25,2916343,0.0,0
2021-04-12 12:15:00+05:30,309.04998779296875,310.04998779296875,306.1000061035156,309.3500061035156,1825281,0.0,0
2021-04-12 13:15:00+05:30,308.29998779296875,311.3500061035156,307.8999938964844,310.20001220703125,1494805,0.0,0
2021-04-12 14:15:00+05:30,310.8999938964844,310.8999938964844,302.8999938964844,303.5,3078040,0.0,0
2021-04-12 15:15:00+05:30,303.3500061035156,306.70001220703125,303.04998779296875,305.95001220703125,975569,0.0,0
2021-04-13 09:15:00+05:30,305.3500061035156,308.8500061035156,304.29998779296875,306.5,0,0.0,0
2021-04-13 10:15:00+05:30,306.45001220703125,307.0,302.79998779296875,303.0,2871809,0.0,0
2021-04-13 11:15:00+05:30,303.6499938964844,304.29998779296875,298.5,298.6000061035156,2034903,0.0,0
2021-04-13 12:15:00+05:30,300.79998779296875,303.5,298.5,300.75,1441905,0.0,0
2021-04-13 13:15:00+05:30,302.6499938964844,303.3999938964844,299.79998779296875,303.29998779296875,1221520,0.0,0
2021-04-13 14:15:00+05:30,302.29998779296875,304.5,301.54998779296875,302.5,1490660,0.0,0
2021-04-13 15:15:00+05:30,302.04998779296875,303.29998779296875,301.54998779296875,302.29998779296875,1117701,0.0,0
2021-04-15 09:15:00+05:30,303.0,306.3999938964844,294.79998779296875,295.5,0,0.0,0
2021-04-15 10:15:00+05:30,295.75,296.6000061035156,293.0,294.0,1846288,0.0,0
2021-04-15 11:15:00+05:30,294.8500061035156,296.0,293.0,294.79998779296875,2582140,0.0,0
2021-04-15 12:15:00+05:30,294.95001220703125,296.45001220703125,294.5,295.0,2044411,0.0,0
2021-04-15 13:15:00+05:30,296.04998779296875,296.25,294.6000061035156,295.3500061035156,2484232,0.0,0
2021-04-15 14:15:00+05:30,295.0,296.25,293.29998779296875,295.3999938964844,2384385,0.0,0
2021-04-15 15:15:00+05:30,295.5,295.5,294.29998779296875,295.0,902831,0.0,0
2021-04-16 09:15:00+05:30,296.6499938964844,301.0,296.25,299.75,0,0.0,0
2021-04-16 10:15:00+05:30,298.04998779296875,305.45001220703125,297.95001220703125,304.04998779296875,2697281,0.0,0
2021-04-16 11:15:00+05:30,303.8999938964844,304.75,302.29998779296875,303.1499938964844,785041,0.0,0
2021-04-16 12:15:00+05:30,303.0,303.79998779296875,300.6000061035156,302.04998779296875,665765,0.0,0
2021-04-16 13:15:00+05:30,303.20001220703125,303.45001220703125,299.5,300.0,1525619,0.0,0
2021-04-16 14:15:00+05:30,300.54998779296875,301.3999938964844,299.04998779296875,300.0,1409404,0.0,0
2021-04-16 15:15:00+05:30,300.04998779296875,301.45001220703125,300.0,301.20001220703125,338013,0.0,0
2021-04-19 09:15:00+05:30,295.0,297.3500061035156,292.5,295.29998779296875,0,0.0,0
2021-04-19 10:15:00+05:30,295.0,297.3500061035156,294.20001220703125,297.0,1383725,0.0,0
2021-04-19 11:15:00+05:30,296.04998779296875,297.3500061035156,295.0,296.54998779296875,3285721,0.0,0
2021-04-19 12:15:00+05:30,295.25,297.29998779296875,295.1000061035156,296.04998779296875,1308914,0.0,0
2021-04-19 13:15:00+05:30,296.1000061035156,298.04998779296875,295.70001220703125,297.25,1228061,0.0,0
2021-04-19 14:15:00+05:30,296.5,302.0,296.1499938964844,300.95001220703125,4352210,0.0,0
2021-04-19 15:15:00+05:30,300.95001220703125,302.0,299.29998779296875,300.95001220703125,1263236,0.0,0
2021-04-20 09:15:00+05:30,311.1499938964844,313.20001220703125,300.8999938964844,300.8999938964844,0,0.0,0
2021-04-20 10:15:00+05:30,303.20001220703125,303.3500061035156,299.5,300.29998779296875,3139183,0.0,0
2021-04-20 11:15:00+05:30,300.20001220703125,300.45001220703125,298.04998779296875,299.25,2111966,0.0,0
2021-04-20 12:15:00+05:30,299.45001220703125,300.6499938964844,298.5,300.0,1054623,0.0,0
2021-04-20 13:15:00+05:30,299.95001220703125,301.1000061035156,299.29998779296875,299.45001220703125,4086299,0.0,0
2021-04-20 14:15:00+05:30,300.3500061035156,300.6000061035156,292.6000061035156,296.20001220703125,3692725,0.0,0
2021-04-20 15:15:00+05:30,294.04998779296875,296.6000061035156,294.04998779296875,295.70001220703125,3800606,0.0,0
2021-04-22 09:15:00+05:30,294.75,294.75,285.54998779296875,293.0,0,0.0,0
2021-04-22 10:15:00+05:30,293.1499938964844,296.3999938964844,292.0,294.8500061035156,2120204,0.0,0
2021-04-22 11:15:00+05:30,294.75,296.3999938964844,293.1000061035156,294.1000061035156,1855653,0.0,0
2021-04-22 12:15:00+05:30,293.5,297.0,293.1000061035156,296.5,2923951,0.0,0
2021-04-22 13:15:00+05:30,294.54998779296875,297.25,294.54998779296875,295.6000061035156,1245847,0.0,0
2021-04-22 14:15:00+05:30,295.3999938964844,296.3500061035156,294.0,295.6499938964844,1166406,0.0,0
2021-04-22 15:15:00+05:30,295.5,297.20001220703125,294.3999938964844,295.0,688157,0.0,0
2021-04-23 09:15:00+05:30,295.45001220703125,298.70001220703125,294.29998779296875,298.1499938964844,0,0.0,0
2021-04-23 10:15:00+05:30,298.54998779296875,298.70001220703125,295.6499938964844,297.8999938964844,1677525,0.0,0
2021-04-23 11:15:00+05:30,295.6499938964844,298.75,295.6499938964844,298.3999938964844,1970489,0.0,0
2021-04-23 12:15:00+05:30,297.95001220703125,298.5,296.0,296.1000061035156,2623496,0.0,0
2021-04-23 13:15:00+05:30,297.0,297.3500061035156,293.6499938964844,293.8500061035156,2034426,0.0,0
2021-04-23 14:15:00+05:30,294.25,295.8500061035156,292.20001220703125,295.3500061035156,1666081,0.0,0
2021-04-23 15:15:00+05:30,293.29998779296875,296.1499938964844,293.29998779296875,295.20001220703125,1514282,0.0,0
2021-04-26 09:15:00+05:30,297.0,301.70001220703125,295.3500061035156,300.1000061035156,0,0.0,0
2021-04-26 10:15:00+05:30,299.0,302.25,299.0,300.04998779296875,1900116,0.0,0
2021-04-26 11:15:00+05:30,300.0,303.75,299.8999938964844,303.25,1443312,0.0,0
2021-04-26 12:15:00+05:30,303.04998779296875,304.0,301.0,303.79998779296875,1429300,0.0,0
2021-04-26 13:15:00+05:30,303.6000061035156,304.5,302.79998779296875,303.3500061035156,1050001,0.0,0
2021-04-26 14:15:00+05:30,303.70001220703125,304.29998779296875,302.20001220703125,303.1000061035156,1651695,0.0,0
2021-04-26 15:15:00+05:30,303.1000061035156,304.25,302.95001220703125,303.45001220703125,367968,0.0,0
2021-04-27 09:15:00+05:30,303.8500061035156,306.5,302.04998779296875,304.8500061035156,0,0.0,0
2021-04-27 10:15:00+05:30,305.0,305.54998779296875,303.0,304.6000061035156,1012575,0.0,0
2021-04-27 11:15:00+05:30,303.54998779296875,304.6000061035156,303.0,304.29998779296875,738002,0.0,0
2021-04-27 12:15:00+05:30,303.8999938964844,305.5,303.75,304.5,974903,0.0,0
2021-04-27 13:15:00+05:30,304.25,306.70001220703125,304.25,306.25,1081207,0.0,0
2021-04-27 14:15:00+05:30,306.0,307.29998779296875,305.25,305.8999938964844,997950,0.0,0
2021-04-27 15:15:00+05:30,306.3999938964844,307.5,305.25,306.54998779296875,858464,0.0,0
2021-04-28 09:15:00+05:30,307.95001220703125,308.04998779296875,304.5,305.6000061035156,0,0.0,0
2021-04-28 10:15:00+05:30,304.95001220703125,306.6000061035156,304.5,305.75,947959,0.0,0
2021-04-28 11:15:00+05:30,306.45001220703125,308.1000061035156,304.75,308.0,1153106,0.0,0
2021-04-28 12:15:00+05:30,306.04998779296875,310.29998779296875,306.04998779296875,309.8999938964844,2218206,0.0,0
2021-04-28 13:15:00+05:30,308.8999938964844,311.25,308.6499938964844,310.6499938964844,1064082,0.0,0
2021-04-28 14:15:00+05:30,310.5,311.25,308.04998779296875,308.79998779296875,1253799,0.0,0
2021-04-28 15:15:00+05:30,308.79998779296875,309.29998779296875,308.6000061035156,308.8500061035156,382460,0.0,0
2021-04-29 09:15:00+05:30,311.0,313.0,308.75,310.29998779296875,0,0.0,0
2021-04-29 10:15:00+05:30,309.70001220703125,311.29998779296875,308.6000061035156,309.29998779296875,1082074,0.0,0
2021-04-29 11:15:00+05:30,309.29998779296875,311.54998779296875,308.70001220703125,311.0,1375062,0.0,0
2021-04-29 12:15:00+05:30,311.20001220703125,311.54998779296875,309.04998779296875,309.04998779296875,1191040,0.0,0
2021-04-29 13:15:00+05:30,309.45001220703125,311.0,307.5,308.45001220703125,1433610,0.0,0
2021-04-29 14:15:00+05:30,308.8999938964844,314.5,307.5,313.6000061035156,3299539,0.0,0
2021-04-29 15:15:00+05:30,313.5,314.95001220703125,313.25,314.5,538228,0.0,0
2021-04-30 09:15:00+05:30,311.70001220703125,319.70001220703125,307.0,308.95001220703125,1767239,0.0,0
2021-04-30 10:15:00+05:30,311.75,312.1000061035156,307.0,310.20001220703125,4757379,0.0,0
2021-04-30 11:15:00+05:30,309.29998779296875,310.70001220703125,308.6000061035156,310.45001220703125,1858909,0.0,0
2021-04-30 12:15:00+05:30,309.8999938964844,311.6499938964844,309.20001220703125,310.0,2831812,0.0,0
2021-04-30 13:15:00+05:30,311.0,312.0,309.20001220703125,310.0,3355978,0.0,0
2021-04-30 14:15:00+05:30,311.45001220703125,311.5,308.54998779296875,308.8999938964844,4182788,0.0,0
2021-04-30 15:15:00+05:30,308.8500061035156,309.25,308.0,308.3500061035156,1506672,0.0,0
2021-05-03 09:15:00+05:30,304.5,307.6000061035156,301.29998779296875,306.0,0,0.0,0
2021-05-03 10:15:00+05:30,306.70001220703125,307.6000061035156,305.0,305.20001220703125,1402152,0.0,0
2021-05-03 11:15:00+05:30,306.3500061035156,308.6000061035156,304.5,308.1000061035156,1340370,0.0,0
2021-05-03 12:15:00+05:30,307.8500061035156,309.25,306.75,308.3500061035156,1289404,0.0,0
2021-05-03 13:15:00+05:30,306.8999938964844,310.79998779296875,306.8999938964844,310.54998779296875,1620250,0.0,0
2021-05-03 14:15:00+05:30,309.1000061035156,312.6499938964844,309.0,311.3999938964844,3199153,0.0,0
2021-05-03 15:15:00+05:30,311.45001220703125,312.25,311.1000061035156,311.6499938964844,951719,0.0,0
2021-05-04 09:15:00+05:30,314.45001220703125,314.45001220703125,309.20001220703125,312.3500061035156,0,0.0,0
2021-05-04 10:15:00+05:30,311.29998779296875,312.8999938964844,311.04998779296875,312.79998779296875,905959,0.0,0
2021-05-04 11:15:00+05:30,311.79998779296875,314.0,311.6000061035156,312.1499938964844,2598654,0.0,0
2021-05-04 12:15:00+05:30,313.1499938964844,313.20001220703125,309.5,309.6000061035156,902173,0.0,0
2021-05-04 13:15:00+05:30,311.0,312.0,308.25,311.3999938964844,2207899,0.0,0
2021-05-04 14:15:00+05:30,311.3999938964844,312.0,306.45001220703125,307.25,1487447,0.0,0
2021-05-04 15:15:00+05:30,307.5,307.70001220703125,306.20001220703125,307.0,344732,0.0,0
2021-05-05 09:15:00+05:30,310.25,312.29998779296875,308.6499938964844,310.0,0,0.0,0
2021-05-05 10:15:00+05:30,309.8500061035156,311.1000061035156,308.6499938964844,309.04998779296875,514599,0.0,0
2021-05-05 11:15:00+05:30,309.6000061035156,309.79998779296875,307.1499938964844,309.25,785120,0.0,0
2021-05-05 12:15:00+05:30,309.45001220703125,310.3999938964844,309.0,310.1499938964844,379049,0.0,0
2021-05-05 13:15:00+05:30,309.3500061035156,310.5,308.70001220703125,308.8500061035156,617701,0.0,0
2021-05-05 14:15:00+05:30,309.95001220703125,311.8999938964844,308.79998779296875,311.79998779296875,645011,0.0,0
2021-05-05 15:15:00+05:30,310.54998779296875,312.1499938964844,310.1499938964844,311.45001220703125,757961,0.0,0
2021-05-06 09:15:00+05:30,313.0,316.04998779296875,311.1000061035156,312.04998779296875,0,0.0,0
2021-05-06 10:15:00+05:30,311.1000061035156,312.70001220703125,311.1000061035156,312.29998779296875,972705,0.0,0
2021-05-06 11:15:00+05:30,312.04998779296875,313.0,312.0,312.3999938964844,487126,0.0,0
2021-05-06 12:15:00+05:30,312.29998779296875,312.70001220703125,311.8999938964844,312.3500061035156,560189,0.0,0
2021-05-06 13:15:00+05:30,312.25,312.70001220703125,310.1000061035156,311.70001220703125,591999,0.0,0
2021-05-06 14:15:00+05:30,311.79998779296875,314.3999938964844,311.0,314.3999938964844,1007339,0.0,0
2021-05-06 15:15:00+05:30,314.3999938964844,315.0,313.5,313.6000061035156,420268,0.0,0
2021-05-07 09:15:00+05:30,315.0,315.8500061035156,313.3500061035156,314.79998779296875,0,0.0,0
2021-05-07 10:15:00+05:30,315.0,317.5,314.04998779296875,317.45001220703125,1288994,0.0,0
2021-05-07 11:15:00+05:30,315.8500061035156,317.79998779296875,314.29998779296875,314.8500061035156,1630423,0.0,0
2021-05-07 12:15:00+05:30,316.1000061035156,316.1000061035156,314.1000061035156,314.1000061035156,634772,0.0,0
2021-05-07 13:15:00+05:30,314.8500061035156,315.0,312.1499938964844,313.1000061035156,816683,0.0,0
2021-05-07 14:15:00+05:30,312.79998779296875,313.3999938964844,312.1000061035156,312.3500061035156,649915,0.0,0
2021-05-07 15:15:00+05:30,312.3999938964844,312.45001220703125,311.1000061035156,312.04998779296875,299177,0.0,0
2021-05-10 09:15:00+05:30,314.20001220703125,315.1499938964844,312.5,313.29998779296875,0,0.0,0
2021-05-10 10:15:00+05:30,313.8500061035156,313.95001220703125,310.6499938964844,311.70001220703125,891377,0.0,0
2021-05-10 11:15:00+05:30,313.0,313.0,310.0,311.3500061035156,1787345,0.0,0
2021-05-10 12:15:00+05:30,310.79998779296875,312.45001220703125,310.0,312.0,1233645,0.0,0
2021-05-10 13:15:00+05:30,312.1000061035156,312.3999938964844,310.79998779296875,311.8500061035156,981537,0.0,0
2021-05-10 14:15:00+05:30,311.79998779296875,312.79998779296875,310.5,311.3999938964844,1978019,0.0,0
2021-05-10 15:15:00+05:30,311.3999938964844,311.45001220703125,310.3500061035156,311.1499938964844,430974,0.0,0
2021-05-11 09:15:00+05:30,307.29998779296875,313.8999938964844,306.54998779296875,312.8500061035156,0,0.0,0
2021-05-11 10:15:00+05:30,312.45001220703125,313.8999938964844,311.70001220703125,311.8999938964844,652354,0.0,0
2021-05-11 11:15:00+05:30,312.8500061035156,315.0,311.5,314.3999938964844,1882262,0.0,0
2021-05-11 12:15:00+05:30,314.20001220703125,315.0,313.6000061035156,314.20001220703125,804872,0.0,0
2021-05-11 13:15:00+05:30,314.70001220703125,316.0,312.79998779296875,315.3999938964844,809993,0.0,0
2021-05-11 14:15:00+05:30,314.75,316.8999938964844,314.6000061035156,314.8500061035156,1354568,0.0,0
2021-05-11 15:15:00+05:30,315.1499938964844,315.45001220703125,314.5,314.8999938964844,623372,0.0,0
2021-05-12 09:15:00+05:30,313.8999938964844,314.8500061035156,311.5,312.0,667863,0.0,0
2021-05-12 10:15:00+05:30,312.0,312.8999938964844,309.70001220703125,310.3999938964844,827335,0.0,0
2021-05-12 11:15:00+05:30,310.3500061035156,312.1000061035156,309.79998779296875,312.1000061035156,1578900,0.0,0
2021-05-12 12:15:00+05:30,311.0,312.70001220703125,310.25,312.3500061035156,1617152,0.0,0
2021-05-12 13:15:00+05:30,312.20001220703125,312.70001220703125,310.54998779296875,312.04998779296875,932045,0.0,0
2021-05-12 14:15:00+05:30,311.95001220703125,312.54998779296875,308.1000061035156,309.1499938964844,1281119,0.0,0
2021-05-12 15:15:00+05:30,309.1499938964844,309.3999938964844,308.54998779296875,309.0,182731,0.0,0
2021-05-14 09:15:00+05:30,310.3999938964844,311.04998779296875,306.1000061035156,307.5,0,0.0,0
2021-05-14 10:15:00+05:30,307.95001220703125,309.0,304.5,304.6499938964844,684456,0.0,0
2021-05-14 11:15:00+05:30,305.3500061035156,305.8500061035156,300.29998779296875,300.8999938964844,1315360,0.0,0
2021-05-14 12:15:00+05:30,302.04998779296875,306.1499938964844,300.04998779296875,305.0,1747140,0.0,0
2021-05-14 13:15:00+05:30,305.04998779296875,306.1499938964844,303.6000061035156,304.1000061035156,836423,0.0,0
2021-05-14 14:15:00+05:30,304.0,307.3999938964844,304.0,307.1000061035156,1384079,0.0,0
2021-05-14 15:15:00+05:30,307.20001220703125,307.75,306.5,307.0,445823,0.0,0
2021-05-17 09:15:00+05:30,307.8999938964844,308.75,304.70001220703125,307.1000061035156,0,0.0,0
2021-05-17 10:15:00+05:30,307.1000061035156,307.45001220703125,304.70001220703125,305.1000061035156,756990,0.0,0
2021-05-17 11:15:00+05:30,305.25,307.8500061035156,305.0,307.0,919546,0.0,0
2021-05-17 12:15:00+05:30,307.8500061035156,309.79998779296875,306.6000061035156,308.3500061035156,2296461,0.0,0
2021-05-17 13:15:00+05:30,308.45001220703125,311.25,308.0,310.1000061035156,1153383,0.0,0
2021-05-17 14:15:00+05:30,311.20001220703125,311.70001220703125,310.0,310.45001220703125,1759523,0.0,0
2021-05-17 15:15:00+05:30,310.45001220703125,310.54998779296875,309.6000061035156,309.8999938964844,437714,0.0,0
2021-05-18 09:15:00+05:30,313.3999938964844,314.8500061035156,311.0,311.25,0,0.0,0
2021-05-18 10:15:00+05:30,311.8999938964844,313.5,310.1000061035156,313.25,1196152,0.0,0
2021-05-18 11:15:00+05:30,312.5,314.5,312.5,313.6000061035156,1290147,0.0,0
2021-05-18 12:15:00+05:30,314.0,316.95001220703125,313.20001220703125,315.8999938964844,1987950,0.0,0
2021-05-18 13:15:00+05:30,316.20001220703125,316.95001220703125,315.0,315.04998779296875,849680,0.0,0
2021-05-18 14:15:00+05:30,315.04998779296875,315.8500061035156,314.29998779296875,315.3500061035156,1019312,0.0,0
2021-05-18 15:15:00+05:30,315.3999938964844,316.3999938964844,315.25,315.25,278295,0.0,0
2021-05-19 09:15:00+05:30,315.5,324.8500061035156,315.04998779296875,324.04998779296875,0,0.0,0
2021-05-19 10:15:00+05:30,321.75,324.8500061035156,319.20001220703125,319.54998779296875,3620800,0.0,0
2021-05-19 11:15:00+05:30,319.8500061035156,323.20001220703125,318.0,322.0,4229002,0.0,0
2021-05-19 12:15:00+05:30,322.5,322.95001220703125,318.5,319.25,1804050,0.0,0
2021-05-19 13:15:00+05:30,319.6000061035156,319.79998779296875,316.29998779296875,316.6499938964844,1378707,0.0,0
2021-05-19 14:15:00+05:30,317.1000061035156,318.75,315.3999938964844,317.54998779296875,2591662,0.0,0
2021-05-19 15:15:00+05:30,317.6499938964844,318.0,316.54998779296875,317.20001220703125,550874,0.0,0
2021-05-20 09:15:00+05:30,317.6000061035156,317.6000061035156,314.5,315.8999938964844,0,0.0,0
2021-05-20 10:15:00+05:30,315.1499938964844,318.54998779296875,315.1499938964844,317.8500061035156,1748206,0.0,0
2021-05-20 11:15:00+05:30,317.54998779296875,319.6000061035156,316.8500061035156,318.3999938964844,1318816,0.0,0
2021-05-20 12:15:00+05:30,318.6000061035156,319.1000061035156,316.8999938964844,318.54998779296875,1161770,0.0,0
2021-05-20 13:15:00+05:30,318.70001220703125,322.0,318.5,321.45001220703125,1790876,0.0,0
2021-05-20 14:15:00+05:30,320.6499938964844,322.0,319.1000061035156,319.8500061035156,2049636,0.0,0
2021-05-20 15:15:00+05:30,319.70001220703125,320.6000061035156,319.20001220703125,320.0,1249157,0.0,0
2021-05-21 09:15:00+05:30,322.5,324.3500061035156,320.8500061035156,322.3999938964844,0,0.0,0
2021-05-21 10:15:00+05:30,323.29998779296875,323.8999938964844,322.0,323.0,663308,0.0,0
2021-05-21 11:15:00+05:30,323.79998779296875,323.8999938964844,322.29998779296875,323.20001220703125,751115,0.0,0
2021-05-21 12:15:00+05:30,323.25,323.70001220703125,322.5,323.5,806567,0.0,0
2021-05-21 13:15:00+05:30,323.20001220703125,323.70001220703125,320.70001220703125,322.1000061035156,880385,0.0,0
2021-05-21 14:15:00+05:30,323.04998779296875,323.1499938964844,320.29998779296875,321.1000061035156,1798551,0.0,0
2021-05-21 15:15:00+05:30,321.25,322.0,320.29998779296875,321.45001220703125,1398090,0.0,0
2021-05-24 09:15:00+05:30,321.45001220703125,322.8999938964844,319.54998779296875,320.8500061035156,0,0.0,0
2021-05-24 10:15:00+05:30,321.8500061035156,323.3500061035156,320.5,321.45001220703125,903018,0.0,0
2021-05-24 11:15:00+05:30,322.1000061035156,324.25,321.0,324.0,1581133,0.0,0
2021-05-24 12:15:00+05:30,323.3999938964844,324.75,323.1499938964844,324.29998779296875,1070495,0.0,0
2021-05-24 13:15:00+05:30,323.70001220703125,327.75,323.70001220703125,327.04998779296875,2301935,0.0,0
2021-05-24 14:15:00+05:30,326.79998779296875,328.25,325.6000061035156,326.25,1727706,0.0,0
2021-05-24 15:15:00+05:30,326.3500061035156,327.04998779296875,325.8999938964844,326.1499938964844,428282,0.0,0
2021-05-25 09:15:00+05:30,326.79998779296875,326.95001220703125,322.45001220703125,322.79998779296875,0,0.0,0
2021-05-25 10:15:00+05:30,323.3500061035156,324.20001220703125,321.5,322.0,908708,0.0,0
2021-05-25 11:15:00+05:30,322.6000061035156,324.0,321.6499938964844,323.70001220703125,630102,0.0,0
2021-05-25 12:15:00+05:30,323.1499938964844,324.0,322.1000061035156,323.3500061035156,571585,0.0,0
2021-05-25 13:15:00+05:30,323.0,323.6499938964844,321.25,322.6499938964844,1144001,0.0,0
2021-05-25 14:15:00+05:30,322.6499938964844,323.20001220703125,321.5,322.54998779296875,1694124,0.0,0
2021-05-25 15:15:00+05:30,322.5,322.8500061035156,321.79998779296875,321.8500061035156,274896,0.0,0
2021-05-26 09:15:00+05:30,321.54998779296875,322.8500061035156,319.45001220703125,321.70001220703125,456316,0.0,0
2021-05-26 10:15:00+05:30,321.04998779296875,323.1000061035156,321.04998779296875,323.0,643997,0.0,0
2021-05-26 11:15:00+05:30,321.3999938964844,324.8999938964844,321.3999938964844,324.0,1654606,0.0,0
2021-05-26 12:15:00+05:30,324.3999938964844,324.8999938964844,323.29998779296875,323.5,1262483,0.0,0
2021-05-26 13:15:00+05:30,324.25,324.5,322.70001220703125,323.45001220703125,764857,0.0,0
2021-05-26 14:15:00+05:30,323.54998779296875,323.70001220703125,322.3999938964844,323.3500061035156,454824,0.0,0
2021-05-26 15:15:00+05:30,323.0,323.70001220703125,322.54998779296875,323.1000061035156,0,0.0,0
2021-05-27 09:15:00+05:30,322.3999938964844,323.20001220703125,319.5,322.04998779296875,697689,0.0,0
2021-05-27 10:15:00+05:30,323.1000061035156,323.20001220703125,320.5,321.95001220703125,679026,0.0,0
2021-05-27 11:15:00+05:30,320.79998779296875,325.75,320.5,324.5,1501001,0.0,0
2021-05-27 12:15:00+05:30,324.6000061035156,327.8500061035156,323.79998779296875,326.29998779296875,2019000,0.0,0
2021-05-27 13:15:00+05:30,326.8999938964844,332.95001220703125,325.79998779296875,331.8500061035156,4169319,0.0,0
2021-05-27 14:15:00+05:30,332.0,335.0,329.5,329.75,7692313,0.0,0
2021-05-27 15:15:00+05:30,334.54998779296875,334.6000061035156,327.5,330.1000061035156,7371960,0.0,0
2021-05-28 09:15:00+05:30,330.3500061035156,330.3500061035156,327.0,329.04998779296875,0,0.0,0
2021-05-28 10:15:00+05:30,328.79998779296875,331.3999938964844,328.20001220703125,328.8500061035156,1098300,0.0,0
2021-05-28 11:15:00+05:30,329.3500061035156,329.45001220703125,327.20001220703125,327.75,528345,0.0,0
2021-05-28 12:15:00+05:30,328.3500061035156,328.3500061035156,326.1499938964844,326.6499938964844,440489,0.0,0
2021-05-28 13:15:00+05:30,326.45001220703125,326.8999938964844,325.1000061035156,325.45001220703125,384608,0.0,0
2021-05-28 14:15:00+05:30,325.95001220703125,326.70001220703125,324.29998779296875,326.1499938964844,748248,0.0,0
2021-05-28 15:15:00+05:30,326.0,326.1000061035156,325.0,325.6000061035156,206915,0.0,0
2021-05-31 09:15:00+05:30,325.3999938964844,327.04998779296875,322.6499938964844,323.54998779296875,0,0.0,0
2021-05-31 10:15:00+05:30,323.5,324.8999938964844,323.04998779296875,324.6000061035156,507499,0.0,0
2021-05-31 11:15:00+05:30,324.25,326.25,323.75,325.79998779296875,514372,0.0,0
2021-05-31 12:15:00+05:30,325.45001220703125,328.45001220703125,325.0,326.95001220703125,739512,0.0,0
2021-05-31 13:15:00+05:30,328.25,328.3999938964844,325.0,325.1000061035156,671684,0.0,0
2021-05-31 14:15:00+05:30,325.1000061035156,326.75,325.0,326.5,709992,0.0,0
2021-05-31 15:15:00+05:30,326.54998779296875,327.79998779296875,326.5,327.0,295468,0.0,0
2021-06-01 09:15:00+05:30,327.8500061035156,328.8999938964844,325.0,325.0,0,0.0,0
2021-06-01 10:15:00+05:30,325.95001220703125,327.1499938964844,324.25,325.0,924414,0.0,0
2021-06-01 11:15:00+05:30,325.1499938964844,325.5,323.1000061035156,323.5,1227712,0.0,0
2021-06-01 12:15:00+05:30,324.0,325.79998779296875,323.1000061035156,324.70001220703125,473307,0.0,0
2021-06-01 13:15:00+05:30,325.29998779296875,325.5,324.1499938964844,324.3999938964844,545723,0.0,0
2021-06-01 14:15:00+05:30,325.04998779296875,325.20001220703125,323.79998779296875,324.0,757937,0.0,0
2021-06-01 15:15:00+05:30,324.0,325.0,323.75,324.45001220703125,186261,0.0,0
2021-06-02 09:15:00+05:30,324.70001220703125,330.45001220703125,323.8999938964844,329.0,1812171,0.0,0
2021-06-02 10:15:00+05:30,326.79998779296875,330.0,326.45001220703125,329.54998779296875,1826556,0.0,0
2021-06-02 11:15:00+05:30,329.29998779296875,331.3999938964844,328.54998779296875,328.8999938964844,1524987,0.0,0
2021-06-02 12:15:00+05:30,328.75,330.0,328.1000061035156,329.70001220703125,785042,0.0,0
2021-06-02 13:15:00+05:30,328.5,330.0,328.29998779296875,329.70001220703125,1481174,0.0,0
2021-06-02 14:15:00+05:30,329.54998779296875,332.0,328.1499938964844,331.0,873917,0.0,0
2021-06-02 15:15:00+05:30,329.3999938964844,332.3999938964844,329.3500061035156,331.1000061035156,0,0.0,0
2021-06-03 09:15:00+05:30,332.70001220703125,334.95001220703125,332.1000061035156,333.20001220703125,556663,0.0,0
2021-06-03 10:15:00+05:30,332.79998779296875,336.0,332.1000061035156,334.1000061035156,1451851,0.0,0
2021-06-03 11:15:00+05:30,335.8500061035156,336.0,333.70001220703125,334.0,1776579,0.0,0
2021-06-03 12:15:00+05:30,334.79998779296875,335.0,333.1499938964844,333.54998779296875,354476,0.0,0
2021-06-03 13:15:00+05:30,333.75,334.0,331.6499938964844,331.8500061035156,531916,0.0,0
2021-06-03 14:15:00+05:30,333.54998779296875,334.20001220703125,331.45001220703125,333.79998779296875,757425,0.0,0
2021-06-03 15:15:00+05:30,333.3500061035156,334.54998779296875,333.04998779296875,333.95001220703125,589616,0.0,0
2021-06-04 09:15:00+05:30,333.79998779296875,337.25,332.79998779296875,334.45001220703125,662774,0.0,0
2021-06-04 10:15:00+05:30,334.5,334.79998779296875,332.29998779296875,332.54998779296875,423088,0.0,0
2021-06-04 11:15:00+05:30,333.25,333.75,331.20001220703125,331.70001220703125,379576,0.0,0
2021-06-04 12:15:00+05:30,331.8500061035156,333.5,331.3999938964844,332.5,465522,0.0,0
2021-06-04 13:15:00+05:30,333.1000061035156,333.5,331.3500061035156,332.6000061035156,346994,0.0,0
2021-06-04 14:15:00+05:30,332.54998779296875,333.0,331.6499938964844,332.54998779296875,256807,0.0,0
2021-06-04 15:15:00+05:30,332.75,332.75,331.54998779296875,332.04998779296875,363835,0.0,0
2021-06-07 09:15:00+05:30,333.79998779296875,337.8500061035156,333.20001220703125,335.5,0,0.0,0
2021-06-07 10:15:00+05:30,336.70001220703125,341.8500061035156,334.6000061035156,341.45001220703125,2262731,0.0,0
2021-06-07 11:15:00+05:30,340.8999938964844,342.79998779296875,339.79998779296875,340.5,1153095,0.0,0
2021-06-07 12:15:00+05:30,340.8999938964844,340.95001220703125,339.29998779296875,339.6499938964844,600673,0.0,0
2021-06-07 13:15:00+05:30,340.45001220703125,340.45001220703125,338.75,339.1000061035156,921553,0.0,0
2021-06-07 14:15:00+05:30,339.25,340.1499938964844,337.75,338.6499938964844,1607807,0.0,0
2021-06-07 15:15:00+05:30,338.79998779296875,339.5,338.3500061035156,338.95001220703125,247107,0.0,0
2021-06-08 09:15:00+05:30,340.20001220703125,341.79998779296875,336.75,337.45001220703125,0,0.0,0
2021-06-08 10:15:00+05:30,337.6499938964844,338.6000061035156,336.3999938964844,337.3500061035156,400427,0.0,0
2021-06-08 11:15:00+05:30,337.20001220703125,339.0,336.54998779296875,337.3500061035156,1260815,0.0,0
2021-06-08 12:15:00+05:30,338.1499938964844,339.5,336.54998779296875,338.70001220703125,558965,0.0,0
2021-06-08 13:15:00+05:30,338.8500061035156,339.1499938964844,337.8500061035156,338.29998779296875,523557,0.0,0
2021-06-08 14:15:00+05:30,338.6499938964844,341.75,337.8500061035156,340.45001220703125,1357446,0.0,0
2021-06-08 15:15:00+05:30,340.8999938964844,340.95001220703125,339.20001220703125,340.3500061035156,661552,0.0,0
2021-06-09 09:15:00+05:30,340.3500061035156,340.3500061035156,337.04998779296875,339.54998779296875,0,0.0,0
2021-06-09 10:15:00+05:30,339.6499938964844,341.0,339.1000061035156,340.45001220703125,626937,0.0,0
2021-06-09 11:15:00+05:30,340.29998779296875,341.6000061035156,340.0,340.54998779296875,493904,0.0,0
2021-06-09 12:15:00+05:30,341.3999938964844,341.3999938964844,336.54998779296875,336.54998779296875,667270,0.0,0
2021-06-09 13:15:00+05:30,340.0,340.3999938964844,335.70001220703125,338.75,1031363,0.0,0
2021-06-09 14:15:00+05:30,338.70001220703125,339.45001220703125,332.3999938964844,334.20001220703125,1002396,0.0,0
2021-06-09 15:15:00+05:30,334.20001220703125,335.25,334.0,334.95001220703125,166680,0.0,0
2021-06-10 09:15:00+05:30,335.79998779296875,338.8999938964844,335.0,337.04998779296875,0,0.0,0
2021-06-10 10:15:00+05:30,337.29998779296875,339.25,336.1499938964844,338.5,433154,0.0,0
2021-06-10 11:15:00+05:30,338.29998779296875,340.75,338.20001220703125,339.20001220703125,979611,0.0,0
2021-06-10 12:15:00+05:30,338.95001220703125,339.3500061035156,338.5,338.6499938964844,472848,0.0,0
2021-06-10 13:15:00+05:30,338.95001220703125,344.1499938964844,338.5,342.70001220703125,2267012,0.0,0
2021-06-10 14:15:00+05:30,342.54998779296875,343.0,341.3500061035156,341.5,1839701,0.0,0
2021-06-10 15:15:00+05:30,341.5,341.95001220703125,340.70001220703125,341.0,345357,0.0,0
2021-06-11 09:15:00+05:30,341.79998779296875,343.20001220703125,339.95001220703125,339.95001220703125,0,0.0,0
2021-06-11 10:15:00+05:30,341.0,341.6000061035156,339.3500061035156,339.8500061035156,310991,0.0,0
2021-06-11 11:15:00+05:30,339.8999938964844,340.45001220703125,336.6499938964844,336.79998779296875,411867,0.0,0
2021-06-11 12:15:00+05:30,337.6499938964844,338.0,336.0,336.25,420107,0.0,0
2021-06-11 13:15:00+05:30,336.79998779296875,337.5,336.0,336.95001220703125,440693,0.0,0
2021-06-11 14:15:00+05:30,336.5,337.75,336.5,337.6499938964844,415005,0.0,0
2021-06-11 15:15:00+05:30,337.1499938964844,338.5,337.0,337.70001220703125,362673,0.0,0
2021-06-14 09:15:00+05:30,337.8999938964844,340.3500061035156,332.6499938964844,338.1000061035156,0,0.0,0
2021-06-14 10:15:00+05:30,337.3999938964844,339.3999938964844,337.0,338.1499938964844,393568,0.0,0
2021-06-14 11:15:00+05:30,338.8500061035156,339.79998779296875,337.3999938964844,339.20001220703125,227726,0.0,0
2021-06-14 12:15:00+05:30,338.54998779296875,339.79998779296875,337.54998779296875,337.8999938964844,274903,0.0,0
2021-06-14 13:15:00+05:30,338.79998779296875,340.3500061035156,337.54998779296875,339.29998779296875,357026,0.0,0
2021-06-14 14:15:00+05:30,339.1000061035156,340.8999938964844,338.70001220703125,340.6000061035156,607153,0.0,0
2021-06-14 15:15:00+05:30,340.54998779296875,340.8999938964844,339.8500061035156,340.3500061035156,483379,0.0,0
2021-06-15 09:15:00+05:30,340.54998779296875,343.3500061035156,339.29998779296875,342.54998779296875,0,0.0,0
2021-06-15 10:15:00+05:30,342.6499938964844,344.29998779296875,341.20001220703125,343.29998779296875,706419,0.0,0
2021-06-15 11:15:00+05:30,343.5,343.79998779296875,341.70001220703125,341.75,376709,0.0,0
2021-06-15 12:15:00+05:30,343.3999938964844,343.6000061035156,341.20001220703125,341.45001220703125,415085,0.0,0
2021-06-15 13:15:00+05:30,341.8999938964844,343.3500061035156,340.95001220703125,341.25,387134,0.0,0
2021-06-15 14:15:00+05:30,341.3500061035156,342.79998779296875,340.29998779296875,341.5,607274,0.0,0
2021-06-15 15:15:00+05:30,341.6499938964844,342.04998779296875,340.25,340.95001220703125,236211,0.0,0
2021-06-16 09:15:00+05:30,341.0,344.0,340.25,341.3999938964844,0,0.0,0
2021-06-16 10:15:00+05:30,341.8500061035156,342.3999938964844,339.5,340.1499938964844,597740,0.0,0
2021-06-16 11:15:00+05:30,340.29998779296875,340.8999938964844,339.29998779296875,339.75,556919,0.0,0
2021-06-16 12:15:00+05:30,340.0,340.45001220703125,338.54998779296875,339.1000061035156,368749,0.0,0
2021-06-16 13:15:00+05:30,338.75,340.20001220703125,338.54998779296875,339.3500061035156,573254,0.0,0
2021-06-16 14:15:00+05:30,339.45001220703125,340.75,338.8500061035156,339.1499938964844,447492,0.0,0
2021-06-16 15:15:00+05:30,339.1499938964844,339.70001220703125,337.70001220703125,339.1000061035156,164061,0.0,0
2021-06-17 09:15:00+05:30,336.79998779296875,341.45001220703125,336.29998779296875,341.1499938964844,0,0.0,0
2021-06-17 10:15:00+05:30,338.8500061035156,346.3999938964844,338.54998779296875,346.1000061035156,1777785,0.0,0
2021-06-17 11:15:00+05:30,343.45001220703125,346.3999938964844,343.25,345.75,2400242,0.0,0
2021-06-17 12:15:00+05:30,344.45001220703125,348.1000061035156,344.0,348.0,2330281,0.0,0
2021-06-17 13:15:00+05:30,346.79998779296875,348.79998779296875,344.95001220703125,344.95001220703125,3537403,0.0,0
2021-06-17 14:15:00+05:30,347.54998779296875,347.54998779296875,344.1000061035156,346.04998779296875,2328738,0.0,0
2021-06-17 15:15:00+05:30,346.1000061035156,347.20001220703125,345.70001220703125,347.20001220703125,467787,0.0,0
2021-06-18 09:15:00+05:30,346.8999938964844,347.45001220703125,341.04998779296875,341.1000061035156,0,0.0,0
2021-06-18 10:15:00+05:30,342.1000061035156,343.3500061035156,335.54998779296875,338.1499938964844,1147506,0.0,0
2021-06-18 11:15:00+05:30,337.04998779296875,341.1499938964844,336.1499938964844,339.6499938964844,685270,0.0,0
2021-06-18 12:15:00+05:30,340.04998779296875,340.8999938964844,338.3500061035156,339.0,438060,0.0,0
2021-06-18 13:15:00+05:30,339.75,341.1499938964844,338.3500061035156,340.25,506290,0.0,0
2021-06-18 14:15:00+05:30,340.75,342.95001220703125,340.1499938964844,341.54998779296875,1072369,0.0,0
2021-06-18 15:15:00+05:30,342.5,342.95001220703125,340.1499938964844,341.29998779296875,978860,0.0,0
2021-06-21 09:15:00+05:30,337.8999938964844,338.04998779296875,335.0,337.6000061035156,0,0.0,0
2021-06-21 10:15:00+05:30,337.75,340.04998779296875,336.8500061035156,338.25,563095,0.0,0
2021-06-21 11:15:00+05:30,338.6000061035156,339.79998779296875,337.6000061035156,338.75,428624,0.0,0
2021-06-21 12:15:00+05:30,339.1499938964844,343.5,338.1499938964844,343.5,461048,0.0,0
2021-06-21 13:15:00+05:30,341.3999938964844,343.6000061035156,340.04998779296875,341.54998779296875,405727,0.0,0
2021-06-21 14:15:00+05:30,340.29998779296875,345.0,340.04998779296875,344.8999938964844,699695,0.0,0
2021-06-21 15:15:00+05:30,344.8999938964844,345.8500061035156,344.20001220703125,344.75,926660,0.0,0
2021-06-22 09:15:00+05:30,345.1000061035156,346.54998779296875,343.20001220703125,346.3999938964844,0,0.0,0
2021-06-22 10:15:00+05:30,346.0,347.0,345.54998779296875,346.3500061035156,387817,0.0,0
2021-06-22 11:15:00+05:30,346.1499938964844,348.75,345.79998779296875,348.5,388309,0.0,0
2021-06-22 12:15:00+05:30,346.20001220703125,350.29998779296875,346.1499938964844,350.20001220703125,1168364,0.0,0
2021-06-22 13:15:00+05:30,349.79998779296875,351.20001220703125,348.20001220703125,349.1000061035156,966973,0.0,0
2021-06-22 14:15:00+05:30,349.0,349.20001220703125,345.8500061035156,346.6499938964844,749960,0.0,0
2021-06-22 15:15:00+05:30,348.04998779296875,348.1499938964844,345.25,346.25,704699,0.0,0
2021-06-23 09:15:00+05:30,347.8500061035156,348.3500061035156,343.54998779296875,344.8999938964844,0,0.0,0
2021-06-23 10:15:00+05:30,344.70001220703125,346.8500061035156,343.8999938964844,345.6499938964844,422693,0.0,0
2021-06-23 11:15:00+05:30,346.1000061035156,348.20001220703125,345.6000061035156,347.3500061035156,522603,0.0,0
2021-06-23 12:15:00+05:30,346.8999938964844,347.95001220703125,345.20001220703125,345.45001220703125,333025,0.0,0
2021-06-23 13:15:00+05:30,345.8999938964844,347.25,345.0,347.04998779296875,275860,0.0,0
2021-06-23 14:15:00+05:30,346.6000061035156,347.25,344.79998779296875,345.1000061035156,467675,0.0,0
2021-06-23 15:15:00+05:30,346.5,346.5,343.8500061035156,345.1499938964844,606983,0.0,0
2021-06-24 09:15:00+05:30,345.3999938964844,347.8500061035156,344.25,346.29998779296875,0,0.0,0
2021-06-24 10:15:00+05:30,346.25,346.3999938964844,342.54998779296875,344.04998779296875,552903,0.0,0
2021-06-24 11:15:00+05:30,344.04998779296875,346.29998779296875,343.75,345.8999938964844,938683,0.0,0
2021-06-24 12:15:00+05:30,346.0,346.0,344.1000061035156,344.8500061035156,190230,0.0,0
2021-06-24 13:15:00+05:30,344.8500061035156,345.25,344.3999938964844,345.0,202877,0.0,0
2021-06-24 14:15:00+05:30,345.0,346.95001220703125,344.6000061035156,346.70001220703125,637252,0.0,0
2021-06-24 15:15:00+05:30,346.75,347.0,345.45001220703125,345.6499938964844,407582,0.0,0
