Datetime,Open,High,Low,Close,Volume,Dividends,Stock Splits
2021-06-09 09:15:00+05:30,259.45001220703125,259.45001220703125,256.3500061035156,257.29998779296875,0,0,0
2021-06-09 09:20:00+05:30,257.3999938964844,257.45001220703125,256.6000061035156,256.8500061035156,60186,0,0
2021-06-09 09:25:00+05:30,256.70001220703125,257.1499938964844,256.5,256.75,30339,0,0
2021-06-09 09:30:00+05:30,256.79998779296875,258.54998779296875,256.75,258.3999938964844,42399,0,0
2021-06-09 09:35:00+05:30,258.5,258.5,257.70001220703125,258.1499938964844,37404,0,0
2021-06-09 09:40:00+05:30,258.29998779296875,258.29998779296875,257.75,258.0,22446,0,0
2021-06-09 09:45:00+05:30,258.04998779296875,258.3500061035156,257.70001220703125,257.75,22381,0,0
2021-06-09 09:50:00+05:30,257.75,257.95001220703125,257.1000061035156,257.3500061035156,27890,0,0
2021-06-09 09:55:00+05:30,257.3500061035156,257.75,257.20001220703125,257.3500061035156,10579,0,0
2021-06-09 10:00:00+05:30,257.3500061035156,257.3999938964844,256.75,256.95001220703125,21219,0,0
2021-06-09 10:05:00+05:30,257.0,257.25,257.0,257.20001220703125,11549,0,0
2021-06-09 10:10:00+05:30,257.20001220703125,257.70001220703125,256.6499938964844,257.45001220703125,25600,0,0
2021-06-09 10:15:00+05:30,257.45001220703125,257.6499938964844,257.29998779296875,257.3999938964844,10138,0,0
2021-06-09 10:20:00+05:30,257.3500061035156,258.25,257.1499938964844,257.6499938964844,58680,0,0
2021-06-09 10:25:00+05:30,257.6499938964844,257.6499938964844,257.25,257.3999938964844,17620,0,0
2021-06-09 10:30:00+05:30,257.25,257.3500061035156,257.0,257.20001220703125,15745,0,0
2021-06-09 10:35:00+05:30,257.29998779296875,257.29998779296875,256.79998779296875,256.79998779296875,9508,0,0
2021-06-09 10:40:00+05:30,257.0,257.29998779296875,257.0,257.20001220703125,23580,0,0
2021-06-09 10:45:00+05:30,257.1000061035156,257.20001220703125,257.0,257.04998779296875,4278,0,0
2021-06-09 10:50:00+05:30,257.04998779296875,257.04998779296875,256.54998779296875,256.79998779296875,25605,0,0
2021-06-09 10:55:00+05:30,256.79998779296875,256.95001220703125,256.5,256.70001220703125,17286,0,0
2021-06-09 11:00:00+05:30,256.8500061035156,256.8500061035156,256.5,256.5,10013,0,0
2021-06-09 11:05:00+05:30,256.6499938964844,256.6499938964844,256.20001220703125,256.3500061035156,34898,0,0
2021-06-09 11:10:00+05:30,256.29998779296875,256.5,255.89999389648438,256.0,38037,0,0
2021-06-09 11:15:00+05:30,256.1499938964844,256.20001220703125,255.5500030517578,255.64999389648438,41724,0,0
2021-06-09 11:20:00+05:30,256.29998779296875,256.5,255.4499969482422,255.6999969482422,41271,0,0
2021-06-09 11:25:00+05:30,255.64999389648438,255.8000030517578,255.14999389648438,255.3000030517578,26148,0,0
2021-06-09 11:30:00+05:30,255.1999969482422,255.8000030517578,255.14999389648438,255.3000030517578,33640,0,0
2021-06-09 11:35:00+05:30,255.3000030517578,256.29998779296875,255.0,256.0,51793,0,0
2021-06-09 11:40:00+05:30,255.89999389648438,256.8500061035156,255.89999389648438,256.5,24844,0,0
2021-06-09 11:45:00+05:30,256.5,256.5,256.1000061035156,256.29998779296875,11193,0,0
2021-06-09 11:50:00+05:30,256.1499938964844,257.1000061035156,255.85000610351562,257.0,35002,0,0
2021-06-09 11:55:00+05:30,257.0,257.0,256.1499938964844,256.45001220703125,12207,0,0
2021-06-09 12:00:00+05:30,256.45001220703125,256.45001220703125,256.04998779296875,256.45001220703125,16102,0,0
2021-06-09 12:05:00+05:30,256.29998779296875,256.5,256.04998779296875,256.1000061035156,18182,0,0
2021-06-09 12:10:00+05:30,256.04998779296875,256.5,255.64999389648438,256.5,18454,0,0
2021-06-09 12:15:00+05:30,256.5,256.75,255.6999969482422,255.9499969482422,33109,0,0
2021-06-09 12:20:00+05:30,255.6999969482422,255.9499969482422,255.25,255.25,29916,0,0
2021-06-09 12:25:00+05:30,255.25,255.64999389648438,255.14999389648438,255.14999389648438,26014,0,0
2021-06-09 12:30:00+05:30,255.4499969482422,255.5,255.1999969482422,255.39999389648438,11224,0,0
2021-06-09 12:35:00+05:30,255.35000610351562,255.64999389648438,255.1999969482422,255.39999389648438,28097,0,0
2021-06-09 12:40:00+05:30,255.39999389648438,255.60000610351562,255.14999389648438,255.14999389648438,19973,0,0
2021-06-09 12:45:00+05:30,255.14999389648438,255.25,254.8000030517578,254.85000610351562,42136,0,0
2021-06-09 12:50:00+05:30,254.9499969482422,254.9499969482422,254.6999969482422,254.75,30002,0,0
2021-06-09 12:55:00+05:30,254.75,254.85000610351562,254.25,254.25,26558,0,0
2021-06-09 13:00:00+05:30,254.39999389648438,254.9499969482422,254.25,254.4499969482422,16943,0,0
2021-06-09 13:05:00+05:30,254.39999389648438,254.4499969482422,252.75,252.89999389648438,53469,0,0
2021-06-09 13:10:00+05:30,252.89999389648438,252.89999389648438,251.60000610351562,251.6999969482422,56725,0,0
2021-06-09 13:15:00+05:30,251.6999969482422,252.35000610351562,250.5500030517578,252.0,76450,0,0
2021-06-09 13:20:00+05:30,252.14999389648438,252.75,251.8000030517578,252.5,51207,0,0
2021-06-09 13:25:00+05:30,252.5,253.14999389648438,252.5,253.0,21870,0,0
2021-06-09 13:30:00+05:30,253.0,253.0,251.35000610351562,251.5,23363,0,0
2021-06-09 13:35:00+05:30,251.39999389648438,253.10000610351562,251.1999969482422,252.6999969482422,25679,0,0
2021-06-09 13:40:00+05:30,252.6999969482422,252.6999969482422,252.10000610351562,252.39999389648438,13884,0,0
2021-06-09 13:45:00+05:30,252.5,252.5500030517578,252.35000610351562,252.35000610351562,5669,0,0
2021-06-09 13:50:00+05:30,252.35000610351562,252.5,252.0500030517578,252.35000610351562,21767,0,0
2021-06-09 13:55:00+05:30,252.35000610351562,252.8000030517578,252.1999969482422,252.8000030517578,15081,0,0
2021-06-09 14:00:00+05:30,252.8000030517578,252.85000610351562,252.10000610351562,252.10000610351562,6463,0,0
2021-06-09 14:05:00+05:30,252.10000610351562,252.8000030517578,252.10000610351562,252.6999969482422,16759,0,0
2021-06-09 14:10:00+05:30,252.8000030517578,252.8000030517578,252.60000610351562,252.60000610351562,4872,0,0
2021-06-09 14:15:00+05:30,252.6999969482422,252.6999969482422,252.25,252.39999389648438,14459,0,0
2021-06-09 14:20:00+05:30,252.39999389648438,252.39999389648438,252.0500030517578,252.3000030517578,22952,0,0
2021-06-09 14:25:00+05:30,252.14999389648438,252.5500030517578,251.0500030517578,251.10000610351562,44956,0,0
2021-06-09 14:30:00+05:30,251.0500030517578,251.89999389648438,251.0500030517578,251.1999969482422,19233,0,0
2021-06-09 14:35:00+05:30,251.1999969482422,251.75,251.1999969482422,251.35000610351562,16302,0,0
2021-06-09 14:40:00+05:30,251.35000610351562,251.4499969482422,250.0,250.10000610351562,44919,0,0
2021-06-09 14:45:00+05:30,250.10000610351562,250.6999969482422,249.5500030517578,250.39999389648438,63964,0,0
2021-06-09 14:50:00+05:30,250.39999389648438,250.85000610351562,250.1999969482422,250.6999969482422,34064,0,0
2021-06-09 14:55:00+05:30,250.6999969482422,250.8000030517578,250.5,250.60000610351562,13871,0,0
2021-06-09 15:00:00+05:30,250.4499969482422,250.85000610351562,249.8000030517578,250.3000030517578,77831,0,0
2021-06-09 15:05:00+05:30,250.14999389648438,250.85000610351562,250.0500030517578,250.85000610351562,67078,0,0
2021-06-09 15:10:00+05:30,250.85000610351562,251.5,250.75,251.35000610351562,99416,0,0
2021-06-09 15:15:00+05:30,251.35000610351562,252.60000610351562,251.35000610351562,252.14999389648438,113894,0,0
2021-06-09 15:20:00+05:30,252.14999389648438,252.75,251.35000610351562,251.60000610351562,86808,0,0
2021-06-09 15:25:00+05:30,251.64999389648438,252.39999389648438,250.9499969482422,251.5,61344,0,0
2021-06-10 09:15:00+05:30,254.0,255.10000610351562,252.85000610351562,254.5500030517578,0,0,0
2021-06-10 09:20:00+05:30,254.5,255.35000610351562,254.14999389648438,254.89999389648438,44753,0,0
2021-06-10 09:25:00+05:30,254.6999969482422,254.75,253.60000610351562,254.5500030517578,57494,0,0
2021-06-10 09:30:00+05:30,254.25,254.64999389648438,253.25,253.5500030517578,64697,0,0
2021-06-10 09:35:00+05:30,253.5,254.39999389648438,253.5,253.5500030517578,30063,0,0
2021-06-10 09:40:00+05:30,253.0500030517578,253.3000030517578,252.39999389648438,253.3000030517578,41038,0,0
2021-06-10 09:45:00+05:30,253.25,253.64999389648438,253.0,253.35000610351562,18086,0,0
2021-06-10 09:50:00+05:30,253.35000610351562,253.8000030517578,253.35000610351562,253.6999969482422,8247,0,0
2021-06-10 09:55:00+05:30,253.8000030517578,253.89999389648438,253.0,253.1999969482422,13647,0,0
2021-06-10 10:00:00+05:30,253.1999969482422,253.85000610351562,252.85000610351562,253.85000610351562,16470,0,0
2021-06-10 10:05:00+05:30,253.89999389648438,253.9499969482422,253.0500030517578,253.75,7246,0,0
2021-06-10 10:10:00+05:30,253.85000610351562,254.5,253.60000610351562,254.5,12385,0,0
2021-06-10 10:15:00+05:30,254.5,254.9499969482422,254.4499969482422,254.6999969482422,16767,0,0
2021-06-10 10:20:00+05:30,254.60000610351562,255.4499969482422,254.0,254.0,38037,0,0
2021-06-10 10:25:00+05:30,254.10000610351562,254.39999389648438,254.0500030517578,254.25,12100,0,0
2021-06-10 10:30:00+05:30,254.35000610351562,254.8000030517578,254.25,254.8000030517578,9031,0,0
2021-06-10 10:35:00+05:30,254.89999389648438,255.0,254.10000610351562,254.1999969482422,5986,0,0
2021-06-10 10:40:00+05:30,254.10000610351562,254.4499969482422,253.8000030517578,254.3000030517578,13074,0,0
2021-06-10 10:45:00+05:30,254.10000610351562,254.5,253.9499969482422,254.5,3775,0,0
2021-06-10 10:50:00+05:30,254.75,254.89999389648438,254.5500030517578,254.85000610351562,13095,0,0
2021-06-10 10:55:00+05:30,254.8000030517578,255.25,254.8000030517578,255.1999969482422,20529,0,0
2021-06-10 11:00:00+05:30,255.35000610351562,255.5,254.9499969482422,254.9499969482422,18032,0,0
2021-06-10 11:05:00+05:30,255.14999389648438,255.1999969482422,254.75,254.8000030517578,5214,0,0
2021-06-10 11:10:00+05:30,254.75,255.0,254.60000610351562,254.64999389648438,6339,0,0
2021-06-10 11:15:00+05:30,254.64999389648438,255.0,254.60000610351562,254.75,9082,0,0
2021-06-10 11:20:00+05:30,254.6999969482422,254.8000030517578,254.60000610351562,254.60000610351562,3426,0,0
2021-06-10 11:25:00+05:30,254.64999389648438,254.8000030517578,254.60000610351562,254.75,2730,0,0
2021-06-10 11:30:00+05:30,254.75,254.75,254.5,254.5,4271,0,0
2021-06-10 11:35:00+05:30,254.5500030517578,255.0500030517578,254.5500030517578,254.9499969482422,8078,0,0
2021-06-10 11:40:00+05:30,254.85000610351562,255.14999389648438,254.5500030517578,254.60000610351562,12332,0,0
2021-06-10 11:45:00+05:30,254.8000030517578,254.8000030517578,254.60000610351562,254.64999389648438,3745,0,0
2021-06-10 11:50:00+05:30,254.6999969482422,254.9499969482422,254.60000610351562,254.85000610351562,4691,0,0
2021-06-10 11:55:00+05:30,254.6999969482422,254.6999969482422,254.3000030517578,254.5,8152,0,0
2021-06-10 12:00:00+05:30,254.5500030517578,254.89999389648438,254.5500030517578,254.5500030517578,4318,0,0
2021-06-10 12:05:00+05:30,254.6999969482422,255.0,254.6999969482422,255.0,2978,0,0
2021-06-10 12:10:00+05:30,254.9499969482422,255.0,254.85000610351562,254.85000610351562,5469,0,0
2021-06-10 12:15:00+05:30,254.85000610351562,255.0,254.75,254.85000610351562,5024,0,0
2021-06-10 12:20:00+05:30,254.85000610351562,255.0,254.8000030517578,254.89999389648438,7379,0,0
2021-06-10 12:25:00+05:30,254.9499969482422,255.39999389648438,254.3000030517578,254.4499969482422,8977,0,0
2021-06-10 12:30:00+05:30,254.4499969482422,254.6999969482422,254.3000030517578,254.4499969482422,5127,0,0
2021-06-10 12:35:00+05:30,254.5,254.5,254.35000610351562,254.39999389648438,775,0,0
2021-06-10 12:40:00+05:30,254.39999389648438,254.6999969482422,253.5500030517578,253.5500030517578,17984,0,0
2021-06-10 12:45:00+05:30,253.6999969482422,253.89999389648438,253.1999969482422,253.5,9396,0,0
2021-06-10 12:50:00+05:30,253.35000610351562,253.60000610351562,253.1999969482422,253.4499969482422,3816,0,0
2021-06-10 12:55:00+05:30,253.3000030517578,253.5500030517578,253.25,253.39999389648438,9504,0,0
2021-06-10 13:00:00+05:30,253.35000610351562,253.9499969482422,253.14999389648438,253.9499969482422,2760,0,0
2021-06-10 13:05:00+05:30,253.85000610351562,253.9499969482422,253.5,253.75,6224,0,0
2021-06-10 13:10:00+05:30,253.75,253.89999389648438,253.60000610351562,253.75,2746,0,0
2021-06-10 13:15:00+05:30,253.64999389648438,254.3000030517578,253.64999389648438,254.3000030517578,5026,0,0
2021-06-10 13:20:00+05:30,254.4499969482422,254.4499969482422,254.14999389648438,254.14999389648438,5597,0,0
2021-06-10 13:25:00+05:30,254.14999389648438,254.35000610351562,254.0500030517578,254.14999389648438,3328,0,0
2021-06-10 13:30:00+05:30,254.14999389648438,254.39999389648438,253.89999389648438,253.89999389648438,5911,0,0
2021-06-10 13:35:00+05:30,253.89999389648438,254.14999389648438,253.64999389648438,253.64999389648438,3914,0,0
2021-06-10 13:40:00+05:30,253.8000030517578,253.89999389648438,253.5,253.8000030517578,4398,0,0
2021-06-10 13:45:00+05:30,253.89999389648438,254.0500030517578,253.75,253.9499969482422,3241,0,0
2021-06-10 13:50:00+05:30,253.8000030517578,254.14999389648438,253.8000030517578,254.0500030517578,1288,0,0
2021-06-10 13:55:00+05:30,254.0,254.14999389648438,253.89999389648438,254.0,5219,0,0
2021-06-10 14:00:00+05:30,254.0,254.0,253.39999389648438,253.4499969482422,8851,0,0
2021-06-10 14:05:00+05:30,253.5,253.5,253.0500030517578,253.35000610351562,13031,0,0
2021-06-10 14:10:00+05:30,253.4499969482422,253.5,253.25,253.3000030517578,18021,0,0
2021-06-10 14:15:00+05:30,253.39999389648438,254.25,253.39999389648438,254.25,9561,0,0
2021-06-10 14:20:00+05:30,254.39999389648438,254.5,254.1999969482422,254.25,21114,0,0
2021-06-10 14:25:00+05:30,254.10000610351562,254.1999969482422,254.0500030517578,254.10000610351562,2493,0,0
2021-06-10 14:30:00+05:30,254.14999389648438,254.3000030517578,252.64999389648438,253.60000610351562,62831,0,0
2021-06-10 14:35:00+05:30,253.6999969482422,253.6999969482422,252.8000030517578,252.85000610351562,37985,0,0
2021-06-10 14:40:00+05:30,252.89999389648438,253.4499969482422,252.85000610351562,253.1999969482422,7975,0,0
2021-06-10 14:45:00+05:30,253.1999969482422,253.39999389648438,252.75,252.89999389648438,8074,0,0
2021-06-10 14:50:00+05:30,253.10000610351562,253.8000030517578,252.9499969482422,253.8000030517578,10101,0,0
2021-06-10 14:55:00+05:30,253.8000030517578,253.9499969482422,253.25,253.25,21132,0,0
2021-06-10 15:00:00+05:30,253.4499969482422,254.4499969482422,253.39999389648438,254.4499969482422,43897,0,0
2021-06-10 15:05:00+05:30,254.4499969482422,254.89999389648438,254.35000610351562,254.5500030517578,43721,0,0
2021-06-10 15:10:00+05:30,254.5500030517578,254.9499969482422,254.5500030517578,254.60000610351562,56731,0,0
2021-06-10 15:15:00+05:30,254.60000610351562,254.60000610351562,253.89999389648438,254.10000610351562,34933,0,0
2021-06-10 15:20:00+05:30,254.10000610351562,254.5,253.8000030517578,254.14999389648438,55543,0,0
2021-06-10 15:25:00+05:30,254.25,254.5,254.0,254.5,39494,0,0
2021-06-11 09:15:00+05:30,255.85000610351562,256.0,254.35000610351562,254.85000610351562,0,0,0
2021-06-11 09:20:00+05:30,254.85000610351562,256.5,254.85000610351562,256.5,30047,0,0
2021-06-11 09:25:00+05:30,256.25,256.29998779296875,254.8000030517578,255.10000610351562,26410,0,0
2021-06-11 09:30:00+05:30,254.85000610351562,255.14999389648438,254.5,254.5,11419,0,0
2021-06-11 09:35:00+05:30,254.60000610351562,254.6999969482422,253.64999389648438,254.35000610351562,15102,0,0
2021-06-11 09:40:00+05:30,254.35000610351562,254.60000610351562,254.3000030517578,254.4499969482422,3266,0,0
2021-06-11 09:45:00+05:30,254.4499969482422,254.5,254.0,254.14999389648438,14437,0,0
2021-06-11 09:50:00+05:30,254.35000610351562,254.35000610351562,253.6999969482422,253.89999389648438,10419,0,0
2021-06-11 09:55:00+05:30,253.89999389648438,254.0,253.8000030517578,254.0,8040,0,0
2021-06-11 10:00:00+05:30,254.0,254.35000610351562,253.89999389648438,254.0,4908,0,0
2021-06-11 10:05:00+05:30,254.0500030517578,254.1999969482422,254.0,254.10000610351562,1595,0,0
2021-06-11 10:10:00+05:30,254.1999969482422,254.25,253.64999389648438,254.0,9116,0,0
2021-06-11 10:15:00+05:30,253.89999389648438,254.0,253.8000030517578,254.0,4349,0,0
2021-06-11 10:20:00+05:30,254.0,254.10000610351562,253.89999389648438,254.0,2476,0,0
2021-06-11 10:25:00+05:30,254.0,254.10000610351562,253.75,254.0,3726,0,0
2021-06-11 10:30:00+05:30,253.85000610351562,253.85000610351562,253.0500030517578,253.25,16720,0,0
2021-06-11 10:35:00+05:30,253.10000610351562,253.5500030517578,253.10000610351562,253.5500030517578,11405,0,0
2021-06-11 10:40:00+05:30,253.35000610351562,253.60000610351562,253.3000030517578,253.4499969482422,16036,0,0
2021-06-11 10:45:00+05:30,253.4499969482422,253.64999389648438,253.4499969482422,253.64999389648438,3391,0,0
2021-06-11 10:50:00+05:30,253.6999969482422,253.6999969482422,253.5,253.60000610351562,1746,0,0
2021-06-11 10:55:00+05:30,253.5,253.60000610351562,253.3000030517578,253.5,1652,0,0
2021-06-11 11:00:00+05:30,253.5,253.5500030517578,253.25,253.5,7818,0,0
2021-06-11 11:05:00+05:30,253.35000610351562,253.9499969482422,253.35000610351562,253.9499969482422,3904,0,0
2021-06-11 11:10:00+05:30,253.9499969482422,254.6999969482422,253.9499969482422,254.35000610351562,10472,0,0
2021-06-11 11:15:00+05:30,254.25,254.35000610351562,253.14999389648438,253.6999969482422,9577,0,0
2021-06-11 11:20:00+05:30,253.6999969482422,253.85000610351562,253.5,253.6999969482422,3428,0,0
2021-06-11 11:25:00+05:30,253.6999969482422,253.6999969482422,253.39999389648438,253.6999969482422,5154,0,0
2021-06-11 11:30:00+05:30,253.6999969482422,253.8000030517578,253.39999389648438,253.5500030517578,5532,0,0
2021-06-11 11:35:00+05:30,253.5500030517578,253.5500030517578,253.3000030517578,253.3000030517578,1015,0,0
2021-06-11 11:40:00+05:30,253.39999389648438,253.5,253.35000610351562,253.39999389648438,4325,0,0
2021-06-11 11:45:00+05:30,253.35000610351562,253.5500030517578,253.3000030517578,253.5500030517578,2788,0,0
2021-06-11 11:50:00+05:30,253.39999389648438,253.6999969482422,253.39999389648438,253.5500030517578,872,0,0
2021-06-11 11:55:00+05:30,253.6999969482422,253.6999969482422,252.60000610351562,252.60000610351562,13126,0,0
2021-06-11 12:00:00+05:30,252.85000610351562,253.39999389648438,252.8000030517578,253.35000610351562,7451,0,0
2021-06-11 12:05:00+05:30,253.35000610351562,253.5,253.1999969482422,253.35000610351562,1765,0,0
2021-06-11 12:10:00+05:30,253.5,253.5,252.75,252.85000610351562,3453,0,0
2021-06-11 12:15:00+05:30,252.85000610351562,252.9499969482422,252.75,252.85000610351562,2825,0,0
2021-06-11 12:20:00+05:30,252.85000610351562,253.4499969482422,252.75,253.3000030517578,5136,0,0
2021-06-11 12:25:00+05:30,253.3000030517578,253.3000030517578,253.0,253.14999389648438,2483,0,0
2021-06-11 12:30:00+05:30,253.1999969482422,253.3000030517578,252.9499969482422,253.10000610351562,3527,0,0
2021-06-11 12:35:00+05:30,253.10000610351562,253.25,252.9499969482422,253.0,3584,0,0
2021-06-11 12:40:00+05:30,253.0,253.0,252.64999389648438,253.0,5886,0,0
2021-06-11 12:45:00+05:30,253.0500030517578,253.25,253.0500030517578,253.25,2428,0,0
2021-06-11 12:50:00+05:30,253.25,253.60000610351562,253.1999969482422,253.5,5478,0,0
2021-06-11 12:55:00+05:30,253.5,254.0,253.5,254.0,11013,0,0
2021-06-11 13:00:00+05:30,254.0,255.0,254.0,254.75,40162,0,0
2021-06-11 13:05:00+05:30,254.6999969482422,255.60000610351562,254.3000030517578,254.64999389648438,27991,0,0
2021-06-11 13:10:00+05:30,254.60000610351562,254.64999389648438,254.39999389648438,254.60000610351562,3882,0,0
2021-06-11 13:15:00+05:30,254.64999389648438,254.85000610351562,254.1999969482422,254.39999389648438,4466,0,0
2021-06-11 13:20:00+05:30,254.3000030517578,254.39999389648438,254.0,254.0,6401,0,0
2021-06-11 13:25:00+05:30,254.0,254.0,253.75,253.75,10493,0,0
2021-06-11 13:30:00+05:30,253.5500030517578,254.3000030517578,253.5500030517578,254.0500030517578,3492,0,0
2021-06-11 13:35:00+05:30,254.0500030517578,254.1999969482422,254.0500030517578,254.0500030517578,1192,0,0
2021-06-11 13:40:00+05:30,254.0500030517578,254.25,254.0500030517578,254.25,4996,0,0
2021-06-11 13:45:00+05:30,254.25,254.25,254.0,254.10000610351562,3532,0,0
2021-06-11 13:50:00+05:30,254.10000610351562,254.10000610351562,254.0,254.10000610351562,1466,0,0
2021-06-11 13:55:00+05:30,254.0500030517578,254.10000610351562,253.64999389648438,253.6999969482422,10494,0,0
2021-06-11 14:00:00+05:30,253.6999969482422,253.89999389648438,253.6999969482422,253.75,10050,0,0
2021-06-11 14:05:00+05:30,253.75,253.89999389648438,253.5500030517578,253.8000030517578,8781,0,0
2021-06-11 14:10:00+05:30,253.8000030517578,254.10000610351562,253.75,253.9499969482422,9548,0,0
2021-06-11 14:15:00+05:30,253.9499969482422,254.0,253.4499969482422,253.5500030517578,8864,0,0
2021-06-11 14:20:00+05:30,253.5500030517578,254.10000610351562,253.5500030517578,253.5500030517578,24599,0,0
2021-06-11 14:25:00+05:30,253.5500030517578,253.6999969482422,253.25,253.6999969482422,8839,0,0
2021-06-11 14:30:00+05:30,253.6999969482422,254.35000610351562,253.6999969482422,254.35000610351562,10783,0,0
2021-06-11 14:35:00+05:30,254.35000610351562,254.35000610351562,253.75,253.9499969482422,3822,0,0
2021-06-11 14:40:00+05:30,253.9499969482422,254.14999389648438,253.8000030517578,254.0500030517578,1995,0,0
2021-06-11 14:45:00+05:30,254.14999389648438,254.3000030517578,254.0,254.25,4112,0,0
2021-06-11 14:50:00+05:30,254.25,254.25,253.89999389648438,254.10000610351562,6692,0,0
2021-06-11 14:55:00+05:30,254.1999969482422,254.5,254.0500030517578,254.10000610351562,4071,0,0
2021-06-11 15:00:00+05:30,254.0,254.85000610351562,254.0,254.85000610351562,19364,0,0
2021-06-11 15:05:00+05:30,254.85000610351562,256.1499938964844,254.75,256.1499938964844,86611,0,0
2021-06-11 15:10:00+05:30,256.04998779296875,256.25,255.60000610351562,255.9499969482422,49794,0,0
2021-06-11 15:15:00+05:30,255.9499969482422,256.0,255.39999389648438,255.89999389648438,101095,0,0
2021-06-11 15:20:00+05:30,255.9499969482422,256.0,255.10000610351562,255.35000610351562,87325,0,0
2021-06-11 15:25:00+05:30,255.25,255.4499969482422,255.0,255.14999389648438,35498,0,0
2021-06-14 09:15:00+05:30,255.6999969482422,255.6999969482422,253.1999969482422,254.10000610351562,0,0,0
2021-06-14 09:20:00+05:30,253.89999389648438,253.89999389648438,252.75,252.8000030517578,19158,0,0
2021-06-14 09:25:00+05:30,252.8000030517578,252.8000030517578,250.5500030517578,250.5500030517578,50706,0,0
2021-06-14 09:30:00+05:30,250.5500030517578,250.6999969482422,250.0,250.25,48899,0,0
2021-06-14 09:35:00+05:30,250.14999389648438,251.35000610351562,250.0500030517578,251.0500030517578,27026,0,0
2021-06-14 09:40:00+05:30,251.1999969482422,251.6999969482422,250.64999389648438,251.35000610351562,19907,0,0
2021-06-14 09:45:00+05:30,251.1999969482422,251.5,250.6999969482422,251.10000610351562,15385,0,0
2021-06-14 09:50:00+05:30,251.10000610351562,251.3000030517578,250.5500030517578,250.6999969482422,8151,0,0
2021-06-14 09:55:00+05:30,250.6999969482422,251.1999969482422,250.6999969482422,251.0,10506,0,0
2021-06-14 10:00:00+05:30,250.89999389648438,251.25,250.39999389648438,250.75,18030,0,0
2021-06-14 10:05:00+05:30,250.89999389648438,251.1999969482422,250.5500030517578,250.75,11498,0,0
2021-06-14 10:10:00+05:30,250.9499969482422,251.25,250.6999969482422,251.25,10405,0,0
2021-06-14 10:15:00+05:30,251.25,251.25,250.9499969482422,251.0,6175,0,0
2021-06-14 10:20:00+05:30,251.14999389648438,251.1999969482422,250.6999969482422,251.1999969482422,8761,0,0
2021-06-14 10:25:00+05:30,251.14999389648438,251.4499969482422,251.10000610351562,251.25,5749,0,0
2021-06-14 10:30:00+05:30,251.35000610351562,251.60000610351562,251.10000610351562,251.60000610351562,5364,0,0
2021-06-14 10:35:00+05:30,251.60000610351562,251.64999389648438,251.5,251.60000610351562,4562,0,0
2021-06-14 10:40:00+05:30,251.5500030517578,251.75,251.35000610351562,251.60000610351562,4662,0,0
2021-06-14 10:45:00+05:30,251.60000610351562,252.0500030517578,251.39999389648438,251.9499969482422,14645,0,0
2021-06-14 10:50:00+05:30,251.9499969482422,252.14999389648438,251.6999969482422,252.14999389648438,9423,0,0
2021-06-14 10:55:00+05:30,252.10000610351562,252.25,251.89999389648438,252.0,13873,0,0
2021-06-14 11:00:00+05:30,251.85000610351562,252.0500030517578,251.5500030517578,251.64999389648438,5763,0,0
2021-06-14 11:05:00+05:30,251.64999389648438,251.64999389648438,251.0500030517578,251.25,3909,0,0
2021-06-14 11:10:00+05:30,251.25,251.4499969482422,251.0500030517578,251.4499969482422,3933,0,0
2021-06-14 11:15:00+05:30,251.35000610351562,251.64999389648438,251.35000610351562,251.5,2904,0,0
2021-06-14 11:20:00+05:30,251.5,251.5,251.0500030517578,251.10000610351562,4387,0,0
2021-06-14 11:25:00+05:30,251.10000610351562,251.5,251.10000610351562,251.4499969482422,1860,0,0
2021-06-14 11:30:00+05:30,251.4499969482422,251.64999389648438,251.1999969482422,251.64999389648438,981,0,0
2021-06-14 11:35:00+05:30,251.64999389648438,251.89999389648438,251.4499969482422,251.89999389648438,4012,0,0
2021-06-14 11:40:00+05:30,251.8000030517578,252.1999969482422,251.8000030517578,252.0,6056,0,0
2021-06-14 11:45:00+05:30,252.0,252.0,251.75,252.0,1109,0,0
2021-06-14 11:50:00+05:30,252.0,252.0,251.5,251.75,2596,0,0
2021-06-14 11:55:00+05:30,251.75,252.14999389648438,251.75,252.10000610351562,2577,0,0
2021-06-14 12:00:00+05:30,252.10000610351562,252.25,251.9499969482422,252.25,4716,0,0
2021-06-14 12:05:00+05:30,252.25,252.89999389648438,252.25,252.85000610351562,18597,0,0
2021-06-14 12:10:00+05:30,252.85000610351562,253.25,252.85000610351562,253.14999389648438,15134,0,0
2021-06-14 12:15:00+05:30,253.25,253.8000030517578,253.1999969482422,253.3000030517578,14377,0,0
2021-06-14 12:20:00+05:30,253.6999969482422,253.89999389648438,253.4499969482422,253.75,15978,0,0
2021-06-14 12:25:00+05:30,253.64999389648438,254.25,253.5,253.85000610351562,21023,0,0
2021-06-14 12:30:00+05:30,253.85000610351562,253.89999389648438,253.10000610351562,253.10000610351562,3504,0,0
2021-06-14 12:35:00+05:30,253.35000610351562,253.35000610351562,253.0500030517578,253.10000610351562,1060,0,0
2021-06-14 12:40:00+05:30,253.0500030517578,253.25,253.0500030517578,253.14999389648438,276,0,0
2021-06-14 12:45:00+05:30,253.14999389648438,253.3000030517578,253.10000610351562,253.3000030517578,1635,0,0
2021-06-14 12:50:00+05:30,253.35000610351562,253.39999389648438,253.10000610351562,253.39999389648438,2251,0,0
2021-06-14 12:55:00+05:30,253.3000030517578,253.60000610351562,253.3000030517578,253.60000610351562,2673,0,0
2021-06-14 13:00:00+05:30,253.60000610351562,253.60000610351562,253.35000610351562,253.5,1378,0,0
2021-06-14 13:05:00+05:30,253.35000610351562,253.4499969482422,253.3000030517578,253.39999389648438,3018,0,0
2021-06-14 13:10:00+05:30,253.25,253.25,252.5,252.64999389648438,6176,0,0
2021-06-14 13:15:00+05:30,252.5,252.60000610351562,252.35000610351562,252.5,5938,0,0
2021-06-14 13:20:00+05:30,252.5,253.85000610351562,252.5,253.6999969482422,27658,0,0
2021-06-14 13:25:00+05:30,253.5500030517578,253.9499969482422,253.35000610351562,253.85000610351562,28813,0,0
2021-06-14 13:30:00+05:30,253.89999389648438,254.14999389648438,253.89999389648438,254.0500030517578,12299,0,0
2021-06-14 13:35:00+05:30,254.10000610351562,254.10000610351562,252.9499969482422,253.35000610351562,10979,0,0
2021-06-14 13:40:00+05:30,253.35000610351562,253.9499969482422,253.35000610351562,253.6999969482422,7425,0,0
2021-06-14 13:45:00+05:30,253.6999969482422,253.6999969482422,253.35000610351562,253.6999969482422,2093,0,0
2021-06-14 13:50:00+05:30,253.5,253.6999969482422,253.25,253.39999389648438,3070,0,0
2021-06-14 13:55:00+05:30,253.4499969482422,253.4499969482422,253.10000610351562,253.14999389648438,3250,0,0
2021-06-14 14:00:00+05:30,253.25,253.4499969482422,253.14999389648438,253.3000030517578,2713,0,0
2021-06-14 14:05:00+05:30,253.25,253.39999389648438,253.10000610351562,253.25,6847,0,0
2021-06-14 14:10:00+05:30,253.14999389648438,254.3000030517578,253.14999389648438,254.0,23531,0,0
2021-06-14 14:15:00+05:30,253.9499969482422,254.25,253.4499969482422,254.25,19156,0,0
2021-06-14 14:20:00+05:30,254.3000030517578,254.3000030517578,253.8000030517578,254.0,1903,0,0
2021-06-14 14:25:00+05:30,253.8000030517578,254.5,253.8000030517578,254.1999969482422,7289,0,0
2021-06-14 14:30:00+05:30,254.3000030517578,254.8000030517578,254.14999389648438,254.5,23437,0,0
2021-06-14 14:35:00+05:30,254.4499969482422,254.85000610351562,254.39999389648438,254.85000610351562,14925,0,0
2021-06-14 14:40:00+05:30,254.6999969482422,255.3000030517578,254.39999389648438,254.60000610351562,31396,0,0
2021-06-14 14:45:00+05:30,254.60000610351562,254.60000610351562,254.10000610351562,254.5,8818,0,0
2021-06-14 14:50:00+05:30,254.35000610351562,254.5,253.9499969482422,254.5,13687,0,0
2021-06-14 14:55:00+05:30,254.5,254.8000030517578,254.25,254.5,12528,0,0
2021-06-14 15:00:00+05:30,254.4499969482422,254.85000610351562,254.4499969482422,254.85000610351562,11254,0,0
2021-06-14 15:05:00+05:30,254.8000030517578,254.89999389648438,254.5500030517578,254.8000030517578,18416,0,0
2021-06-14 15:10:00+05:30,254.8000030517578,254.85000610351562,254.39999389648438,254.85000610351562,15969,0,0
2021-06-14 15:15:00+05:30,254.8000030517578,254.89999389648438,254.60000610351562,254.6999969482422,17680,0,0
2021-06-14 15:20:00+05:30,254.75,254.8000030517578,254.39999389648438,254.5,26820,0,0
2021-06-14 15:25:00+05:30,254.5,254.89999389648438,254.39999389648438,254.6999969482422,28765,0,0
2021-06-15 09:15:00+05:30,255.25,256.25,255.0500030517578,256.25,0,0,0
2021-06-15 09:20:00+05:30,256.0,256.3999938964844,255.0,255.35000610351562,59684,0,0
2021-06-15 09:25:00+05:30,255.25,255.25,254.3000030517578,254.6999969482422,28090,0,0
2021-06-15 09:30:00+05:30,254.6999969482422,254.89999389648438,254.5,254.5,6624,0,0
2021-06-15 09:35:00+05:30,254.5,254.89999389648438,254.5,254.6999969482422,14871,0,0
2021-06-15 09:40:00+05:30,254.6999969482422,254.89999389648438,254.35000610351562,254.8000030517578,4724,0,0
2021-06-15 09:45:00+05:30,254.64999389648438,254.8000030517578,254.3000030517578,254.8000030517578,10802,0,0
2021-06-15 09:50:00+05:30,254.5500030517578,254.89999389648438,254.5500030517578,254.75,2550,0,0
2021-06-15 09:55:00+05:30,254.75,254.75,254.3000030517578,254.39999389648438,6538,0,0
2021-06-15 10:00:00+05:30,254.39999389648438,254.5,254.25,254.39999389648438,4690,0,0
2021-06-15 10:05:00+05:30,254.3000030517578,254.4499969482422,253.10000610351562,254.0,30533,0,0
2021-06-15 10:10:00+05:30,254.0,254.39999389648438,253.8000030517578,254.10000610351562,6413,0,0
2021-06-15 10:15:00+05:30,254.35000610351562,254.35000610351562,253.64999389648438,254.0500030517578,15268,0,0
2021-06-15 10:20:00+05:30,254.0500030517578,254.0500030517578,253.8000030517578,253.85000610351562,4233,0,0
2021-06-15 10:25:00+05:30,254.0,254.0,253.3000030517578,253.3000030517578,15865,0,0
2021-06-15 10:30:00+05:30,253.35000610351562,254.0,253.35000610351562,254.0,5321,0,0
2021-06-15 10:35:00+05:30,254.0,254.10000610351562,253.5,254.0,5628,0,0
2021-06-15 10:40:00+05:30,254.0,254.0500030517578,253.60000610351562,253.9499969482422,7215,0,0
2021-06-15 10:45:00+05:30,253.9499969482422,253.9499969482422,253.60000610351562,253.89999389648438,5900,0,0
2021-06-15 10:50:00+05:30,253.6999969482422,253.89999389648438,253.1999969482422,253.3000030517578,13110,0,0
2021-06-15 10:55:00+05:30,253.1999969482422,253.64999389648438,253.1999969482422,253.1999969482422,8687,0,0
2021-06-15 11:00:00+05:30,253.4499969482422,253.5,253.1999969482422,253.5,2855,0,0
2021-06-15 11:05:00+05:30,253.5,253.64999389648438,253.3000030517578,253.5500030517578,6432,0,0
2021-06-15 11:10:00+05:30,253.5500030517578,253.5500030517578,253.3000030517578,253.5,3115,0,0
2021-06-15 11:15:00+05:30,253.5,253.5500030517578,253.0500030517578,253.3000030517578,14339,0,0
2021-06-15 11:20:00+05:30,253.3000030517578,253.85000610351562,252.60000610351562,253.60000610351562,23086,0,0
2021-06-15 11:25:00+05:30,253.75,253.75,253.25,253.4499969482422,5024,0,0
2021-06-15 11:30:00+05:30,253.4499969482422,253.5,252.75,252.9499969482422,13011,0,0
2021-06-15 11:35:00+05:30,252.9499969482422,253.39999389648438,252.8000030517578,253.35000610351562,12092,0,0
2021-06-15 11:40:00+05:30,253.39999389648438,253.39999389648438,252.6999969482422,253.1999969482422,33225,0,0
2021-06-15 11:45:00+05:30,253.1999969482422,253.39999389648438,253.10000610351562,253.1999969482422,3307,0,0
2021-06-15 11:50:00+05:30,253.1999969482422,253.39999389648438,253.10000610351562,253.3000030517578,3410,0,0
2021-06-15 11:55:00+05:30,253.3000030517578,253.39999389648438,253.1999969482422,253.39999389648438,2578,0,0
2021-06-15 12:00:00+05:30,253.39999389648438,253.39999389648438,253.0,253.25,7114,0,0
2021-06-15 12:05:00+05:30,253.25,253.8000030517578,253.10000610351562,253.8000030517578,14290,0,0
2021-06-15 12:10:00+05:30,253.8000030517578,253.89999389648438,253.5,253.85000610351562,5014,0,0
2021-06-15 12:15:00+05:30,253.64999389648438,253.85000610351562,253.5,253.8000030517578,15223,0,0
2021-06-15 12:20:00+05:30,253.8000030517578,253.85000610351562,253.5500030517578,253.75,3565,0,0
2021-06-15 12:25:00+05:30,253.75,253.85000610351562,253.5500030517578,253.75,6772,0,0
2021-06-15 12:30:00+05:30,253.8000030517578,253.8000030517578,253.5,253.60000610351562,7538,0,0
2021-06-15 12:35:00+05:30,253.60000610351562,253.6999969482422,253.39999389648438,253.6999969482422,3362,0,0
2021-06-15 12:40:00+05:30,253.6999969482422,253.8000030517578,253.5500030517578,253.8000030517578,2883,0,0
2021-06-15 12:45:00+05:30,253.5500030517578,254.35000610351562,253.5,254.3000030517578,15000,0,0
2021-06-15 12:50:00+05:30,254.3000030517578,254.3000030517578,253.89999389648438,254.10000610351562,3637,0,0
2021-06-15 12:55:00+05:30,254.10000610351562,254.3000030517578,253.89999389648438,254.10000610351562,4151,0,0
2021-06-15 13:00:00+05:30,254.14999389648438,254.39999389648438,254.0,254.0500030517578,7021,0,0
2021-06-15 13:05:00+05:30,254.1999969482422,254.1999969482422,253.60000610351562,254.0500030517578,4369,0,0
2021-06-15 13:10:00+05:30,253.85000610351562,254.3000030517578,253.85000610351562,254.14999389648438,5676,0,0
2021-06-15 13:15:00+05:30,254.1999969482422,254.35000610351562,254.0,254.25,10087,0,0
2021-06-15 13:20:00+05:30,254.25,254.3000030517578,254.0,254.14999389648438,2947,0,0
2021-06-15 13:25:00+05:30,254.25,254.25,253.9499969482422,254.14999389648438,3484,0,0
2021-06-15 13:30:00+05:30,254.14999389648438,254.1999969482422,253.5,253.60000610351562,4637,0,0
2021-06-15 13:35:00+05:30,253.85000610351562,253.85000610351562,253.1999969482422,253.39999389648438,7475,0,0
2021-06-15 13:40:00+05:30,253.39999389648438,253.64999389648438,252.6999969482422,253.3000030517578,22864,0,0
2021-06-15 13:45:00+05:30,253.14999389648438,253.5,252.6999969482422,253.0,12021,0,0
2021-06-15 13:50:00+05:30,253.0,254.14999389648438,252.89999389648438,253.8000030517578,31792,0,0
2021-06-15 13:55:00+05:30,253.4499969482422,253.8000030517578,253.39999389648438,253.6999969482422,5754,0,0
2021-06-15 14:00:00+05:30,253.6999969482422,253.85000610351562,253.5500030517578,253.85000610351562,12973,0,0
2021-06-15 14:05:00+05:30,253.85000610351562,254.14999389648438,253.6999969482422,254.0500030517578,11339,0,0
2021-06-15 14:10:00+05:30,254.0500030517578,254.14999389648438,253.8000030517578,254.10000610351562,11679,0,0
2021-06-15 14:15:00+05:30,254.10000610351562,254.25,253.9499969482422,254.0500030517578,12711,0,0
2021-06-15 14:20:00+05:30,254.0500030517578,254.14999389648438,253.89999389648438,254.0500030517578,3393,0,0
2021-06-15 14:25:00+05:30,254.0500030517578,254.85000610351562,254.0,254.5500030517578,40537,0,0
2021-06-15 14:30:00+05:30,254.5500030517578,254.8000030517578,254.25,254.75,31357,0,0
2021-06-15 14:35:00+05:30,254.60000610351562,254.6999969482422,253.8000030517578,253.85000610351562,14782,0,0
2021-06-15 14:40:00+05:30,253.5500030517578,253.85000610351562,253.39999389648438,253.39999389648438,11799,0,0
2021-06-15 14:45:00+05:30,253.5,253.60000610351562,253.35000610351562,253.5500030517578,10116,0,0
2021-06-15 14:50:00+05:30,253.5500030517578,253.64999389648438,253.35000610351562,253.4499969482422,7352,0,0
2021-06-15 14:55:00+05:30,253.4499969482422,254.0,253.35000610351562,253.5,35497,0,0
2021-06-15 15:00:00+05:30,253.64999389648438,254.39999389648438,253.35000610351562,254.0,51126,0,0
2021-06-15 15:05:00+05:30,254.0,254.6999969482422,253.75,254.35000610351562,61290,0,0
2021-06-15 15:10:00+05:30,254.3000030517578,255.0,254.14999389648438,254.6999969482422,49450,0,0
2021-06-15 15:15:00+05:30,254.64999389648438,254.64999389648438,253.75,253.75,44682,0,0
2021-06-15 15:20:00+05:30,253.85000610351562,254.0500030517578,253.5,253.9499969482422,56943,0,0
2021-06-15 15:25:00+05:30,253.9499969482422,254.0,253.25,253.39999389648438,55886,0,0
2021-06-16 09:15:00+05:30,254.35000610351562,254.8000030517578,253.0500030517578,254.39999389648438,0,0,0
2021-06-16 09:20:00+05:30,254.5500030517578,255.89999389648438,254.39999389648438,255.64999389648438,43083,0,0
2021-06-16 09:25:00+05:30,255.60000610351562,255.75,254.60000610351562,254.6999969482422,27039,0,0
2021-06-16 09:30:00+05:30,254.9499969482422,255.1999969482422,254.6999969482422,255.10000610351562,5294,0,0
2021-06-16 09:35:00+05:30,255.14999389648438,256.25,255.0500030517578,255.5,44509,0,0
2021-06-16 09:40:00+05:30,255.5,255.89999389648438,255.0500030517578,255.39999389648438,24574,0,0
2021-06-16 09:45:00+05:30,255.14999389648438,255.4499969482422,254.6999969482422,254.6999969482422,9580,0,0
2021-06-16 09:50:00+05:30,254.8000030517578,255.35000610351562,254.6999969482422,255.14999389648438,10108,0,0
2021-06-16 09:55:00+05:30,255.10000610351562,255.14999389648438,254.75,255.10000610351562,7939,0,0
2021-06-16 10:00:00+05:30,254.89999389648438,255.3000030517578,254.8000030517578,255.0,17354,0,0
2021-06-16 10:05:00+05:30,255.0,255.4499969482422,254.85000610351562,255.35000610351562,21184,0,0
2021-06-16 10:10:00+05:30,255.3000030517578,255.6999969482422,255.10000610351562,255.39999389648438,21244,0,0
2021-06-16 10:15:00+05:30,255.35000610351562,255.6999969482422,254.5,254.5,31389,0,0
2021-06-16 10:20:00+05:30,254.39999389648438,254.39999389648438,253.39999389648438,253.85000610351562,33185,0,0
2021-06-16 10:25:00+05:30,253.75,254.35000610351562,253.60000610351562,254.25,36552,0,0
2021-06-16 10:30:00+05:30,254.25,254.9499969482422,254.0500030517578,254.39999389648438,7766,0,0
2021-06-16 10:35:00+05:30,254.39999389648438,254.6999969482422,253.60000610351562,253.60000610351562,13528,0,0
2021-06-16 10:40:00+05:30,253.6999969482422,254.0500030517578,253.5500030517578,254.0500030517578,9634,0,0
2021-06-16 10:45:00+05:30,254.0,254.0,253.6999969482422,253.8000030517578,5717,0,0
2021-06-16 10:50:00+05:30,253.8000030517578,253.9499969482422,253.5,253.75,9360,0,0
2021-06-16 10:55:00+05:30,253.60000610351562,253.89999389648438,253.35000610351562,253.35000610351562,11780,0,0
2021-06-16 11:00:00+05:30,253.5,254.39999389648438,253.35000610351562,254.3000030517578,7194,0,0
2021-06-16 11:05:00+05:30,254.4499969482422,254.75,254.39999389648438,254.4499969482422,10529,0,0
2021-06-16 11:10:00+05:30,254.4499969482422,254.5,253.89999389648438,253.89999389648438,8751,0,0
2021-06-16 11:15:00+05:30,253.89999389648438,254.0,253.60000610351562,253.9499969482422,7969,0,0
2021-06-16 11:20:00+05:30,254.0,254.0500030517578,253.60000610351562,253.6999969482422,8442,0,0
2021-06-16 11:25:00+05:30,253.6999969482422,254.39999389648438,253.5500030517578,254.0500030517578,11259,0,0
2021-06-16 11:30:00+05:30,254.1999969482422,254.35000610351562,253.35000610351562,254.0500030517578,21818,0,0
2021-06-16 11:35:00+05:30,254.1999969482422,254.3000030517578,253.85000610351562,254.0,4291,0,0
2021-06-16 11:40:00+05:30,254.0,254.10000610351562,253.85000610351562,254.0500030517578,3445,0,0
2021-06-16 11:45:00+05:30,254.0500030517578,254.25,253.89999389648438,254.1999969482422,2839,0,0
2021-06-16 11:50:00+05:30,254.14999389648438,254.35000610351562,254.10000610351562,254.25,3433,0,0
2021-06-16 11:55:00+05:30,254.25,254.6999969482422,254.25,254.5500030517578,10238,0,0
2021-06-16 12:00:00+05:30,254.60000610351562,254.60000610351562,254.10000610351562,254.1999969482422,6190,0,0
2021-06-16 12:05:00+05:30,254.3000030517578,254.35000610351562,254.0,254.10000610351562,4059,0,0
2021-06-16 12:10:00+05:30,254.25,254.25,254.0,254.0,3531,0,0
2021-06-16 12:15:00+05:30,254.25,254.25,253.8000030517578,253.8000030517578,23151,0,0
2021-06-16 12:20:00+05:30,253.60000610351562,254.1999969482422,253.60000610351562,254.0,5537,0,0
2021-06-16 12:25:00+05:30,254.14999389648438,254.3000030517578,254.10000610351562,254.10000610351562,4843,0,0
2021-06-16 12:30:00+05:30,254.10000610351562,254.39999389648438,254.0500030517578,254.3000030517578,4669,0,0
2021-06-16 12:35:00+05:30,254.3000030517578,254.39999389648438,254.0500030517578,254.3000030517578,5432,0,0
2021-06-16 12:40:00+05:30,254.0,254.1999969482422,253.60000610351562,253.60000610351562,8003,0,0
2021-06-16 12:45:00+05:30,253.6999969482422,253.75,253.39999389648438,253.75,6508,0,0
2021-06-16 12:50:00+05:30,253.8000030517578,254.0,253.60000610351562,253.8000030517578,3623,0,0
2021-06-16 12:55:00+05:30,254.0,254.0,253.75,253.75,5760,0,0
2021-06-16 13:00:00+05:30,253.6999969482422,253.85000610351562,253.5,253.85000610351562,4523,0,0
2021-06-16 13:05:00+05:30,253.85000610351562,253.9499969482422,253.60000610351562,253.85000610351562,4284,0,0
2021-06-16 13:10:00+05:30,253.89999389648438,253.9499969482422,253.6999969482422,253.9499969482422,3039,0,0
2021-06-16 13:15:00+05:30,253.9499969482422,254.0500030517578,253.6999969482422,253.9499969482422,4427,0,0
2021-06-16 13:20:00+05:30,253.9499969482422,254.0,253.75,254.0,3279,0,0
2021-06-16 13:25:00+05:30,254.0,254.10000610351562,253.75,254.10000610351562,4680,0,0
2021-06-16 13:30:00+05:30,254.10000610351562,254.10000610351562,253.6999969482422,253.8000030517578,2884,0,0
2021-06-16 13:35:00+05:30,253.89999389648438,253.9499969482422,253.64999389648438,253.9499969482422,3458,0,0
2021-06-16 13:40:00+05:30,253.9499969482422,254.0,253.75,253.75,6445,0,0
2021-06-16 13:45:00+05:30,253.89999389648438,254.6999969482422,253.89999389648438,254.5,18261,0,0
2021-06-16 13:50:00+05:30,254.5,254.6999969482422,254.39999389648438,254.4499969482422,8108,0,0
2021-06-16 13:55:00+05:30,254.4499969482422,254.4499969482422,254.14999389648438,254.1999969482422,7191,0,0
2021-06-16 14:00:00+05:30,254.14999389648438,254.39999389648438,254.14999389648438,254.3000030517578,3251,0,0
2021-06-16 14:05:00+05:30,254.1999969482422,254.3000030517578,254.0500030517578,254.0500030517578,8475,0,0
2021-06-16 14:10:00+05:30,254.25,254.3000030517578,254.0500030517578,254.25,9046,0,0
2021-06-16 14:15:00+05:30,254.25,254.25,253.35000610351562,253.8000030517578,27930,0,0
2021-06-16 14:20:00+05:30,253.64999389648438,253.8000030517578,253.5,253.64999389648438,5410,0,0
2021-06-16 14:25:00+05:30,253.64999389648438,254.0,253.64999389648438,254.0,3549,0,0
2021-06-16 14:30:00+05:30,254.0,254.0,253.60000610351562,253.8000030517578,8102,0,0
2021-06-16 14:35:00+05:30,253.64999389648438,253.75,253.39999389648438,253.4499969482422,9344,0,0
2021-06-16 14:40:00+05:30,253.5,253.5,253.35000610351562,253.39999389648438,5573,0,0
2021-06-16 14:45:00+05:30,253.4499969482422,253.8000030517578,253.39999389648438,253.5500030517578,13419,0,0
2021-06-16 14:50:00+05:30,253.5500030517578,253.6999969482422,253.5500030517578,253.60000610351562,5157,0,0
2021-06-16 14:55:00+05:30,253.6999969482422,253.75,253.3000030517578,253.5,12788,0,0
2021-06-16 15:00:00+05:30,253.4499969482422,253.4499969482422,251.9499969482422,252.25,50857,0,0
2021-06-16 15:05:00+05:30,252.25,252.75,252.25,252.3000030517578,20443,0,0
2021-06-16 15:10:00+05:30,252.3000030517578,252.60000610351562,251.4499969482422,252.5500030517578,44381,0,0
2021-06-16 15:15:00+05:30,252.5500030517578,252.60000610351562,251.4499969482422,251.4499969482422,36996,0,0
2021-06-16 15:20:00+05:30,251.5500030517578,252.10000610351562,251.35000610351562,252.0,45235,0,0
2021-06-16 15:25:00+05:30,251.89999389648438,252.0,251.14999389648438,252.0,40836,0,0
2021-06-17 09:15:00+05:30,251.6999969482422,254.5,251.5,254.1999969482422,0,0,0
2021-06-17 09:20:00+05:30,254.39999389648438,255.64999389648438,254.14999389648438,254.64999389648438,146307,0,0
2021-06-17 09:25:00+05:30,254.5,255.1999969482422,253.64999389648438,254.8000030517578,62635,0,0
2021-06-17 09:30:00+05:30,254.8000030517578,254.8000030517578,253.64999389648438,254.0500030517578,56877,0,0
2021-06-17 09:35:00+05:30,254.0500030517578,254.5500030517578,254.0,254.35000610351562,28815,0,0
2021-06-17 09:40:00+05:30,254.5,254.5,254.0500030517578,254.25,19458,0,0
2021-06-17 09:45:00+05:30,254.25,254.64999389648438,253.8000030517578,254.64999389648438,31554,0,0
2021-06-17 09:50:00+05:30,254.75,255.1999969482422,254.5,254.60000610351562,34276,0,0
2021-06-17 09:55:00+05:30,254.5500030517578,255.85000610351562,254.25,255.10000610351562,94685,0,0
2021-06-17 10:00:00+05:30,255.5,255.5,254.10000610351562,254.39999389648438,35696,0,0
2021-06-17 10:05:00+05:30,254.4499969482422,254.60000610351562,254.0,254.5,26118,0,0
2021-06-17 10:10:00+05:30,254.60000610351562,254.6999969482422,254.3000030517578,254.3000030517578,13066,0,0
2021-06-17 10:15:00+05:30,254.4499969482422,254.5,253.5,254.14999389648438,54135,0,0
2021-06-17 10:20:00+05:30,254.1999969482422,254.25,253.64999389648438,253.64999389648438,12304,0,0
2021-06-17 10:25:00+05:30,253.85000610351562,254.10000610351562,253.10000610351562,253.3000030517578,12947,0,0
2021-06-17 10:30:00+05:30,253.3000030517578,253.5,252.10000610351562,252.39999389648438,49104,0,0
2021-06-17 10:35:00+05:30,252.35000610351562,253.25,252.1999969482422,253.14999389648438,37641,0,0
2021-06-17 10:40:00+05:30,253.0500030517578,253.64999389648438,252.64999389648438,252.85000610351562,9753,0,0
2021-06-17 10:45:00+05:30,252.9499969482422,252.9499969482422,252.25,252.5,13016,0,0
2021-06-17 10:50:00+05:30,252.5,252.60000610351562,252.10000610351562,252.39999389648438,14885,0,0
2021-06-17 10:55:00+05:30,252.39999389648438,252.39999389648438,251.14999389648438,252.35000610351562,65033,0,0
2021-06-17 11:00:00+05:30,252.1999969482422,252.5,251.64999389648438,251.9499969482422,25108,0,0
2021-06-17 11:05:00+05:30,251.9499969482422,251.9499969482422,251.0500030517578,251.10000610351562,21334,0,0
2021-06-17 11:10:00+05:30,251.35000610351562,251.60000610351562,250.60000610351562,250.75,25139,0,0
2021-06-17 11:15:00+05:30,250.75,251.5,250.75,250.89999389648438,23320,0,0
2021-06-17 11:20:00+05:30,250.89999389648438,251.25,250.10000610351562,251.25,43862,0,0
2021-06-17 11:25:00+05:30,251.25,251.25,249.60000610351562,250.64999389648438,47395,0,0
2021-06-17 11:30:00+05:30,250.60000610351562,250.60000610351562,249.8000030517578,250.0,20524,0,0
2021-06-17 11:35:00+05:30,249.8000030517578,250.0,249.14999389648438,249.5,29722,0,0
2021-06-17 11:40:00+05:30,249.75,250.3000030517578,249.5,249.60000610351562,22951,0,0
2021-06-17 11:45:00+05:30,249.60000610351562,249.6999969482422,248.6999969482422,249.1999969482422,40600,0,0
2021-06-17 11:50:00+05:30,249.14999389648438,249.5,248.89999389648438,249.4499969482422,14698,0,0
2021-06-17 11:55:00+05:30,249.14999389648438,249.4499969482422,248.85000610351562,249.25,17650,0,0
2021-06-17 12:00:00+05:30,249.1999969482422,249.85000610351562,249.14999389648438,249.85000610351562,11632,0,0
2021-06-17 12:05:00+05:30,249.8000030517578,249.8000030517578,248.5,248.85000610351562,26312,0,0
2021-06-17 12:10:00+05:30,248.85000610351562,248.89999389648438,247.75,248.0500030517578,53981,0,0
2021-06-17 12:15:00+05:30,247.8000030517578,247.8000030517578,247.0,247.10000610351562,60123,0,0
2021-06-17 12:20:00+05:30,247.10000610351562,247.85000610351562,246.39999389648438,247.39999389648438,79456,0,0
2021-06-17 12:25:00+05:30,247.5500030517578,248.6999969482422,247.1999969482422,248.1999969482422,23227,0,0
2021-06-17 12:30:00+05:30,248.1999969482422,248.64999389648438,247.5500030517578,248.60000610351562,14618,0,0
2021-06-17 12:35:00+05:30,248.60000610351562,248.85000610351562,248.0500030517578,248.85000610351562,6723,0,0
2021-06-17 12:40:00+05:30,248.85000610351562,248.85000610351562,248.5,248.85000610351562,6571,0,0
2021-06-17 12:45:00+05:30,248.85000610351562,249.6999969482422,248.5500030517578,249.0500030517578,18718,0,0
2021-06-17 12:50:00+05:30,249.0,249.5,248.5500030517578,248.85000610351562,9234,0,0
2021-06-17 12:55:00+05:30,248.85000610351562,249.1999969482422,248.6999969482422,249.1999969482422,6575,0,0
2021-06-17 13:00:00+05:30,249.1999969482422,249.1999969482422,248.6999969482422,248.9499969482422,4954,0,0
2021-06-17 13:05:00+05:30,249.35000610351562,249.64999389648438,249.14999389648438,249.4499969482422,15714,0,0
2021-06-17 13:10:00+05:30,249.4499969482422,250.0,249.1999969482422,249.8000030517578,23842,0,0
2021-06-17 13:15:00+05:30,250.0,250.0,249.39999389648438,249.5500030517578,6906,0,0
2021-06-17 13:20:00+05:30,249.5500030517578,249.89999389648438,249.25,249.64999389648438,3543,0,0
2021-06-17 13:25:00+05:30,249.64999389648438,249.8000030517578,249.39999389648438,249.75,7709,0,0
2021-06-17 13:30:00+05:30,249.75,250.3000030517578,249.5500030517578,250.10000610351562,15803,0,0
2021-06-17 13:35:00+05:30,250.0,250.3000030517578,249.5500030517578,249.5500030517578,11586,0,0
2021-06-17 13:40:00+05:30,249.5500030517578,250.0500030517578,249.5500030517578,249.9499969482422,7803,0,0
2021-06-17 13:45:00+05:30,249.9499969482422,250.10000610351562,249.64999389648438,250.10000610351562,6622,0,0
2021-06-17 13:50:00+05:30,250.0500030517578,250.14999389648438,249.5,249.8000030517578,8348,0,0
2021-06-17 13:55:00+05:30,249.6999969482422,250.1999969482422,249.5500030517578,250.0,10562,0,0
2021-06-17 14:00:00+05:30,250.0,250.3000030517578,249.5,249.8000030517578,8918,0,0
2021-06-17 14:05:00+05:30,249.75,249.85000610351562,248.35000610351562,248.6999969482422,26915,0,0
2021-06-17 14:10:00+05:30,248.8000030517578,249.75,248.75,249.35000610351562,12298,0,0
2021-06-17 14:15:00+05:30,249.35000610351562,249.60000610351562,249.0500030517578,249.10000610351562,10371,0,0
2021-06-17 14:20:00+05:30,249.3000030517578,249.3000030517578,248.0,249.0,26790,0,0
2021-06-17 14:25:00+05:30,249.0,249.1999969482422,248.5,248.8000030517578,36169,0,0
2021-06-17 14:30:00+05:30,248.6999969482422,249.0,248.5,248.75,18115,0,0
2021-06-17 14:35:00+05:30,248.75,248.75,247.60000610351562,247.8000030517578,20106,0,0
2021-06-17 14:40:00+05:30,247.8000030517578,248.10000610351562,247.5,248.10000610351562,20651,0,0
2021-06-17 14:45:00+05:30,248.10000610351562,248.10000610351562,247.64999389648438,247.6999969482422,10413,0,0
2021-06-17 14:50:00+05:30,247.4499969482422,248.14999389648438,247.4499969482422,248.0500030517578,19341,0,0
2021-06-17 14:55:00+05:30,248.0,248.0,247.64999389648438,247.89999389648438,22538,0,0
2021-06-17 15:00:00+05:30,247.89999389648438,248.39999389648438,247.5,247.8000030517578,20538,0,0
2021-06-17 15:05:00+05:30,247.8000030517578,248.0500030517578,247.5,247.75,19893,0,0
2021-06-17 15:10:00+05:30,247.75,247.75,247.5,247.6999969482422,25971,0,0
2021-06-17 15:15:00+05:30,247.6999969482422,247.6999969482422,247.0,247.10000610351562,25494,0,0
2021-06-17 15:20:00+05:30,247.10000610351562,247.8000030517578,246.75,247.0500030517578,55720,0,0
2021-06-17 15:25:00+05:30,247.0500030517578,247.4499969482422,246.89999389648438,247.0,31339,0,0
2021-06-18 09:15:00+05:30,248.14999389648438,248.35000610351562,247.14999389648438,247.35000610351562,0,0,0
2021-06-18 09:20:00+05:30,247.35000610351562,247.4499969482422,246.10000610351562,247.0500030517578,32206,0,0
2021-06-18 09:25:00+05:30,247.0,247.8000030517578,246.5500030517578,246.60000610351562,15590,0,0
2021-06-18 09:30:00+05:30,246.8000030517578,247.25,246.60000610351562,246.60000610351562,14782,0,0
2021-06-18 09:35:00+05:30,246.8000030517578,247.39999389648438,246.60000610351562,247.25,10155,0,0
2021-06-18 09:40:00+05:30,247.3000030517578,247.35000610351562,246.3000030517578,246.3000030517578,11787,0,0
2021-06-18 09:45:00+05:30,246.5500030517578,246.5500030517578,245.1999969482422,245.25,24908,0,0
2021-06-18 09:50:00+05:30,245.25,245.25,243.64999389648438,243.9499969482422,46586,0,0
2021-06-18 09:55:00+05:30,243.6999969482422,244.0,243.25,243.25,53275,0,0
2021-06-18 10:00:00+05:30,244.0,244.8000030517578,243.75,243.8000030517578,32423,0,0
2021-06-18 10:05:00+05:30,243.8000030517578,244.25,243.60000610351562,243.85000610351562,15165,0,0
2021-06-18 10:10:00+05:30,243.8000030517578,244.14999389648438,243.0,243.6999969482422,22996,0,0
2021-06-18 10:15:00+05:30,243.5500030517578,244.0,243.5500030517578,243.6999969482422,8348,0,0
2021-06-18 10:20:00+05:30,243.6999969482422,244.1999969482422,243.6999969482422,243.89999389648438,7397,0,0
2021-06-18 10:25:00+05:30,243.85000610351562,243.89999389648438,241.4499969482422,242.1999969482422,40801,0,0
2021-06-18 10:30:00+05:30,242.0,242.6999969482422,241.75,242.10000610351562,15672,0,0
2021-06-18 10:35:00+05:30,242.4499969482422,243.1999969482422,242.25,242.3000030517578,12549,0,0
2021-06-18 10:40:00+05:30,242.64999389648438,242.9499969482422,242.35000610351562,242.60000610351562,12229,0,0
2021-06-18 10:45:00+05:30,242.60000610351562,242.89999389648438,242.0,242.0,21493,0,0
2021-06-18 10:50:00+05:30,242.0,242.4499969482422,240.75,240.75,47113,0,0
2021-06-18 10:55:00+05:30,240.39999389648438,240.8000030517578,238.0,238.35000610351562,102651,0,0
2021-06-18 11:00:00+05:30,238.39999389648438,240.39999389648438,238.35000610351562,238.9499969482422,71807,0,0
2021-06-18 11:05:00+05:30,238.9499969482422,241.0500030517578,238.5500030517578,240.89999389648438,31142,0,0
2021-06-18 11:10:00+05:30,240.89999389648438,241.60000610351562,239.9499969482422,241.60000610351562,22835,0,0
2021-06-18 11:15:00+05:30,241.64999389648438,241.64999389648438,240.60000610351562,240.8000030517578,35625,0,0
2021-06-18 11:20:00+05:30,240.5500030517578,242.10000610351562,240.3000030517578,242.0,55124,0,0
2021-06-18 11:25:00+05:30,241.9499969482422,242.89999389648438,241.6999969482422,242.5,14370,0,0
2021-06-18 11:30:00+05:30,242.6999969482422,242.6999969482422,240.75,242.10000610351562,26591,0,0
2021-06-18 11:35:00+05:30,242.0500030517578,242.9499969482422,241.5500030517578,241.64999389648438,32237,0,0
2021-06-18 11:40:00+05:30,241.64999389648438,242.60000610351562,241.64999389648438,242.4499969482422,12343,0,0
2021-06-18 11:45:00+05:30,242.4499969482422,242.60000610351562,242.1999969482422,242.39999389648438,3094,0,0
2021-06-18 11:50:00+05:30,242.39999389648438,242.60000610351562,241.6999969482422,242.25,13109,0,0
2021-06-18 11:55:00+05:30,242.25,242.6999969482422,241.8000030517578,242.6999969482422,6754,0,0
2021-06-18 12:00:00+05:30,242.5,243.5,242.5,243.0500030517578,29723,0,0
2021-06-18 12:05:00+05:30,243.0500030517578,243.3000030517578,242.35000610351562,242.8000030517578,15856,0,0
2021-06-18 12:10:00+05:30,242.8000030517578,242.8000030517578,241.5,242.5,28464,0,0
2021-06-18 12:15:00+05:30,242.5,242.5,241.85000610351562,242.4499969482422,10569,0,0
2021-06-18 12:20:00+05:30,242.4499969482422,243.4499969482422,242.4499969482422,242.5500030517578,17777,0,0
2021-06-18 12:25:00+05:30,242.85000610351562,243.3000030517578,242.60000610351562,242.6999969482422,5277,0,0
2021-06-18 12:30:00+05:30,242.64999389648438,243.1999969482422,242.14999389648438,243.0,15428,0,0
2021-06-18 12:35:00+05:30,242.9499969482422,243.25,242.8000030517578,242.8000030517578,9591,0,0
2021-06-18 12:40:00+05:30,242.8000030517578,243.0,242.60000610351562,242.9499969482422,7133,0,0
2021-06-18 12:45:00+05:30,242.9499969482422,243.75,242.60000610351562,243.3000030517578,50333,0,0
2021-06-18 12:50:00+05:30,243.1999969482422,243.39999389648438,241.75,241.75,43215,0,0
2021-06-18 12:55:00+05:30,241.89999389648438,243.14999389648438,241.5,243.0,47108,0,0
2021-06-18 13:00:00+05:30,243.0500030517578,243.1999969482422,242.25,242.75,9246,0,0
2021-06-18 13:05:00+05:30,242.9499969482422,242.9499969482422,242.25,242.4499969482422,6438,0,0
2021-06-18 13:10:00+05:30,242.4499969482422,242.9499969482422,242.3000030517578,242.60000610351562,6173,0,0
2021-06-18 13:15:00+05:30,242.60000610351562,243.0,242.5,242.5500030517578,5600,0,0
2021-06-18 13:20:00+05:30,242.8000030517578,242.9499969482422,242.4499969482422,242.9499969482422,5181,0,0
2021-06-18 13:25:00+05:30,242.89999389648438,242.89999389648438,242.25,242.6999969482422,9411,0,0
2021-06-18 13:30:00+05:30,242.64999389648438,242.64999389648438,241.60000610351562,241.8000030517578,10348,0,0
2021-06-18 13:35:00+05:30,241.8000030517578,241.9499969482422,241.5,241.9499969482422,17160,0,0
2021-06-18 13:40:00+05:30,241.9499969482422,242.10000610351562,241.6999969482422,242.10000610351562,12910,0,0
2021-06-18 13:45:00+05:30,242.10000610351562,242.89999389648438,242.0500030517578,242.14999389648438,14373,0,0
2021-06-18 13:50:00+05:30,242.14999389648438,242.25,242.0500030517578,242.1999969482422,12435,0,0
2021-06-18 13:55:00+05:30,242.1999969482422,242.5500030517578,242.10000610351562,242.39999389648438,13652,0,0
2021-06-18 14:00:00+05:30,242.39999389648438,242.9499969482422,242.10000610351562,242.89999389648438,25300,0,0
2021-06-18 14:05:00+05:30,243.0,243.75,242.85000610351562,242.89999389648438,20944,0,0
2021-06-18 14:10:00+05:30,242.89999389648438,243.10000610351562,242.6999969482422,242.89999389648438,15926,0,0
2021-06-18 14:15:00+05:30,242.89999389648438,243.14999389648438,242.85000610351562,242.9499969482422,9748,0,0
2021-06-18 14:20:00+05:30,242.9499969482422,243.0,241.9499969482422,242.60000610351562,39493,0,0
2021-06-18 14:25:00+05:30,242.60000610351562,242.75,242.39999389648438,242.64999389648438,19225,0,0
2021-06-18 14:30:00+05:30,242.64999389648438,243.5500030517578,242.64999389648438,243.0,18771,0,0
2021-06-18 14:35:00+05:30,242.9499969482422,243.1999969482422,242.4499969482422,242.60000610351562,29309,0,0
2021-06-18 14:40:00+05:30,242.5500030517578,243.4499969482422,242.5500030517578,243.1999969482422,44573,0,0
2021-06-18 14:45:00+05:30,243.1999969482422,243.60000610351562,242.5500030517578,242.5500030517578,42733,0,0
2021-06-18 14:50:00+05:30,242.5500030517578,243.75,242.5500030517578,243.64999389648438,56217,0,0
2021-06-18 14:55:00+05:30,243.75,243.9499969482422,243.39999389648438,243.64999389648438,14728,0,0
2021-06-18 15:00:00+05:30,243.64999389648438,247.1999969482422,243.64999389648438,246.14999389648438,309415,0,0
2021-06-18 15:05:00+05:30,246.0500030517578,246.4499969482422,245.35000610351562,246.25,181994,0,0
2021-06-18 15:10:00+05:30,246.25,246.5,245.0500030517578,246.0500030517578,248214,0,0
2021-06-18 15:15:00+05:30,246.0500030517578,247.60000610351562,245.85000610351562,247.4499969482422,186739,0,0
2021-06-18 15:20:00+05:30,247.5,247.5,246.1999969482422,247.0,146824,0,0
2021-06-18 15:25:00+05:30,247.0,247.0500030517578,245.8000030517578,245.85000610351562,153694,0,0
2021-06-21 09:15:00+05:30,242.0,243.25,241.89999389648438,243.0,0,0,0
2021-06-21 09:20:00+05:30,242.89999389648438,243.0,242.0,242.9499969482422,60006,0,0
2021-06-21 09:25:00+05:30,242.85000610351562,243.10000610351562,242.4499969482422,242.64999389648438,69208,0,0
2021-06-21 09:30:00+05:30,242.60000610351562,243.5500030517578,242.25,243.10000610351562,36168,0,0
2021-06-21 09:35:00+05:30,243.3000030517578,243.3000030517578,242.0500030517578,242.64999389648438,29936,0,0
2021-06-21 09:40:00+05:30,242.75,242.75,242.0500030517578,242.39999389648438,29279,0,0
2021-06-21 09:45:00+05:30,242.39999389648438,242.6999969482422,242.3000030517578,242.5,11410,0,0
2021-06-21 09:50:00+05:30,242.60000610351562,242.60000610351562,241.1999969482422,241.5500030517578,36407,0,0
2021-06-21 09:55:00+05:30,241.5500030517578,242.39999389648438,241.5,242.14999389648438,14438,0,0
2021-06-21 10:00:00+05:30,242.14999389648438,242.75,241.75,242.1999969482422,31792,0,0
2021-06-21 10:05:00+05:30,242.1999969482422,242.1999969482422,241.89999389648438,242.10000610351562,9948,0,0
2021-06-21 10:10:00+05:30,242.0,242.85000610351562,242.0,242.6999969482422,10630,0,0
2021-06-21 10:15:00+05:30,242.6999969482422,243.1999969482422,242.3000030517578,242.35000610351562,17782,0,0
2021-06-21 10:20:00+05:30,242.35000610351562,242.4499969482422,242.10000610351562,242.14999389648438,8256,0,0
2021-06-21 10:25:00+05:30,242.14999389648438,243.3000030517578,241.6999969482422,241.89999389648438,49605,0,0
2021-06-21 10:30:00+05:30,241.89999389648438,242.5,241.85000610351562,242.3000030517578,14620,0,0
2021-06-21 10:35:00+05:30,242.1999969482422,242.25,241.85000610351562,242.1999969482422,18428,0,0
2021-06-21 10:40:00+05:30,242.1999969482422,242.64999389648438,242.0500030517578,242.39999389648438,12056,0,0
2021-06-21 10:45:00+05:30,242.39999389648438,242.60000610351562,242.10000610351562,242.60000610351562,8125,0,0
2021-06-21 10:50:00+05:30,242.60000610351562,242.85000610351562,242.4499969482422,242.75,21670,0,0
2021-06-21 10:55:00+05:30,242.75,242.85000610351562,242.5500030517578,242.8000030517578,18931,0,0
2021-06-21 11:00:00+05:30,242.8000030517578,244.14999389648438,242.64999389648438,244.14999389648438,55922,0,0
2021-06-21 11:05:00+05:30,244.14999389648438,244.5,243.60000610351562,243.60000610351562,52534,0,0
2021-06-21 11:10:00+05:30,243.5,244.0,243.5,243.89999389648438,31695,0,0
2021-06-21 11:15:00+05:30,244.0,246.0,243.85000610351562,245.89999389648438,118939,0,0
2021-06-21 11:20:00+05:30,246.0,246.14999389648438,245.10000610351562,245.5500030517578,83098,0,0
2021-06-21 11:25:00+05:30,245.1999969482422,245.5,244.89999389648438,245.14999389648438,31257,0,0
2021-06-21 11:30:00+05:30,245.14999389648438,245.14999389648438,243.4499969482422,244.35000610351562,30624,0,0
2021-06-21 11:35:00+05:30,244.3000030517578,244.6999969482422,244.0500030517578,244.10000610351562,19875,0,0
2021-06-21 11:40:00+05:30,244.10000610351562,244.10000610351562,243.64999389648438,243.75,9541,0,0
2021-06-21 11:45:00+05:30,243.75,243.8000030517578,243.5,243.64999389648438,9418,0,0
2021-06-21 11:50:00+05:30,243.64999389648438,244.6999969482422,243.60000610351562,243.75,32960,0,0
2021-06-21 11:55:00+05:30,243.75,244.1999969482422,243.75,244.1999969482422,12956,0,0
2021-06-21 12:00:00+05:30,244.1999969482422,244.1999969482422,243.8000030517578,243.8000030517578,23626,0,0
2021-06-21 12:05:00+05:30,243.8000030517578,243.85000610351562,243.64999389648438,243.8000030517578,5367,0,0
2021-06-21 12:10:00+05:30,243.8000030517578,244.0,243.6999969482422,244.0,8191,0,0
2021-06-21 12:15:00+05:30,244.0,244.1999969482422,243.8000030517578,244.14999389648438,10221,0,0
2021-06-21 12:20:00+05:30,244.14999389648438,244.39999389648438,243.89999389648438,244.39999389648438,17905,0,0
2021-06-21 12:25:00+05:30,244.60000610351562,245.14999389648438,244.60000610351562,244.85000610351562,17805,0,0
2021-06-21 12:30:00+05:30,245.0,245.64999389648438,245.0,245.1999969482422,70376,0,0
2021-06-21 12:35:00+05:30,245.14999389648438,245.5500030517578,245.0,245.5500030517578,17933,0,0
2021-06-21 12:40:00+05:30,245.39999389648438,246.0,245.39999389648438,245.6999969482422,31873,0,0
2021-06-21 12:45:00+05:30,245.6999969482422,245.8000030517578,245.4499969482422,245.4499969482422,17992,0,0
2021-06-21 12:50:00+05:30,245.4499969482422,245.5,245.0,245.14999389648438,13100,0,0
2021-06-21 12:55:00+05:30,245.14999389648438,245.75,245.14999389648438,245.60000610351562,7305,0,0
2021-06-21 13:00:00+05:30,245.64999389648438,245.75,245.60000610351562,245.6999969482422,9688,0,0
2021-06-21 13:05:00+05:30,245.6999969482422,246.14999389648438,245.6999969482422,246.0,14724,0,0
2021-06-21 13:10:00+05:30,246.0,246.39999389648438,245.89999389648438,246.14999389648438,23917,0,0
2021-06-21 13:15:00+05:30,246.14999389648438,246.1999969482422,245.60000610351562,246.0500030517578,12726,0,0
2021-06-21 13:20:00+05:30,246.14999389648438,246.3000030517578,246.0,246.14999389648438,20282,0,0
2021-06-21 13:25:00+05:30,246.14999389648438,246.5,246.0500030517578,246.39999389648438,10324,0,0
2021-06-21 13:30:00+05:30,246.39999389648438,246.5,244.75,246.0500030517578,77283,0,0
2021-06-21 13:35:00+05:30,246.0500030517578,247.0,245.3000030517578,246.8000030517578,48609,0,0
2021-06-21 13:40:00+05:30,246.75,246.75,246.14999389648438,246.14999389648438,7492,0,0
2021-06-21 13:45:00+05:30,246.10000610351562,246.39999389648438,245.75,246.14999389648438,22796,0,0
2021-06-21 13:50:00+05:30,246.14999389648438,246.14999389648438,245.5500030517578,245.8000030517578,9252,0,0
2021-06-21 13:55:00+05:30,245.8000030517578,246.4499969482422,245.6999969482422,246.0,14898,0,0
2021-06-21 14:00:00+05:30,245.8000030517578,246.0,245.5,245.64999389648438,5571,0,0
2021-06-21 14:05:00+05:30,245.75,245.75,245.1999969482422,245.35000610351562,12256,0,0
2021-06-21 14:10:00+05:30,245.60000610351562,245.6999969482422,245.25,245.39999389648438,4778,0,0
2021-06-21 14:15:00+05:30,245.4499969482422,245.8000030517578,245.0,245.0,18874,0,0
2021-06-21 14:20:00+05:30,245.1999969482422,245.4499969482422,245.0,245.39999389648438,14674,0,0
2021-06-21 14:25:00+05:30,245.39999389648438,245.4499969482422,245.3000030517578,245.39999389648438,12291,0,0
2021-06-21 14:30:00+05:30,245.39999389648438,245.9499969482422,245.1999969482422,245.9499969482422,17892,0,0
2021-06-21 14:35:00+05:30,245.89999389648438,246.25,245.64999389648438,246.1999969482422,11788,0,0
2021-06-21 14:40:00+05:30,246.25,246.25,245.89999389648438,246.1999969482422,13912,0,0
2021-06-21 14:45:00+05:30,246.1999969482422,246.25,245.5,245.60000610351562,23678,0,0
2021-06-21 14:50:00+05:30,245.64999389648438,245.6999969482422,245.39999389648438,245.5500030517578,16444,0,0
2021-06-21 14:55:00+05:30,245.5500030517578,245.8000030517578,245.3000030517578,245.60000610351562,21856,0,0
2021-06-21 15:00:00+05:30,245.4499969482422,246.1999969482422,244.64999389648438,246.1999969482422,68163,0,0
2021-06-21 15:05:00+05:30,246.1999969482422,246.1999969482422,245.14999389648438,245.3000030517578,44662,0,0
2021-06-21 15:10:00+05:30,245.3000030517578,245.5,245.14999389648438,245.3000030517578,15485,0,0
2021-06-21 15:15:00+05:30,245.25,245.4499969482422,245.0500030517578,245.3000030517578,24424,0,0
2021-06-21 15:20:00+05:30,245.1999969482422,245.39999389648438,244.89999389648438,245.3000030517578,34970,0,0
2021-06-21 15:25:00+05:30,245.1999969482422,246.0,245.1999969482422,245.4499969482422,39210,0,0
2021-06-22 09:15:00+05:30,250.75,254.9499969482422,249.75,253.6999969482422,0,0,0
2021-06-22 09:20:00+05:30,253.85000610351562,254.3000030517578,251.9499969482422,253.39999389648438,280470,0,0
2021-06-22 09:25:00+05:30,253.5,256.29998779296875,253.0,255.85000610351562,300503,0,0
2021-06-22 09:30:00+05:30,255.9499969482422,258.20001220703125,254.89999389648438,256.95001220703125,397594,0,0
2021-06-22 09:35:00+05:30,257.20001220703125,257.3999938964844,255.85000610351562,256.0,176856,0,0
2021-06-22 09:40:00+05:30,256.20001220703125,256.8999938964844,254.35000610351562,256.54998779296875,193875,0,0
2021-06-22 09:45:00+05:30,256.5,257.3999938964844,255.64999389648438,255.8000030517578,154002,0,0
2021-06-22 09:50:00+05:30,255.8000030517578,256.0,255.1999969482422,255.25,74456,0,0
2021-06-22 09:55:00+05:30,255.25,255.5,254.6999969482422,254.75,87601,0,0
2021-06-22 10:00:00+05:30,254.60000610351562,254.60000610351562,253.4499969482422,254.14999389648438,205503,0,0
2021-06-22 10:05:00+05:30,254.0500030517578,255.0,254.0500030517578,254.25,65914,0,0
2021-06-22 10:10:00+05:30,254.4499969482422,254.5,253.6999969482422,254.1999969482422,58719,0,0
2021-06-22 10:15:00+05:30,254.25,254.60000610351562,254.0,254.1999969482422,30392,0,0
2021-06-22 10:20:00+05:30,254.3000030517578,254.60000610351562,253.5,254.5,62292,0,0
2021-06-22 10:25:00+05:30,254.5,254.5,253.89999389648438,254.4499969482422,28639,0,0
2021-06-22 10:30:00+05:30,254.4499969482422,255.4499969482422,254.3000030517578,255.25,40083,0,0
2021-06-22 10:35:00+05:30,255.1999969482422,256.8999938964844,254.8000030517578,256.29998779296875,137064,0,0
2021-06-22 10:40:00+05:30,256.45001220703125,257.79998779296875,255.8000030517578,257.75,138929,0,0
2021-06-22 10:45:00+05:30,257.8500061035156,258.6499938964844,256.29998779296875,256.5,357000,0,0
2021-06-22 10:50:00+05:30,256.5,257.29998779296875,256.04998779296875,256.8500061035156,63665,0,0
2021-06-22 10:55:00+05:30,257.0,257.8500061035156,256.70001220703125,256.95001220703125,83017,0,0
2021-06-22 11:00:00+05:30,257.1000061035156,257.29998779296875,256.45001220703125,256.95001220703125,45450,0,0
2021-06-22 11:05:00+05:30,257.0,257.25,256.29998779296875,257.20001220703125,67420,0,0
2021-06-22 11:10:00+05:30,257.20001220703125,257.29998779296875,256.45001220703125,256.70001220703125,63186,0,0
2021-06-22 11:15:00+05:30,256.79998779296875,257.04998779296875,256.20001220703125,256.79998779296875,51217,0,0
2021-06-22 11:20:00+05:30,257.0,257.0,255.5500030517578,255.9499969482422,86327,0,0
2021-06-22 11:25:00+05:30,256.0,256.29998779296875,255.64999389648438,256.29998779296875,50574,0,0
2021-06-22 11:30:00+05:30,256.29998779296875,256.45001220703125,256.0,256.29998779296875,20857,0,0
2021-06-22 11:35:00+05:30,256.5,256.5,255.8000030517578,256.1499938964844,23040,0,0
2021-06-22 11:40:00+05:30,256.1000061035156,256.25,256.04998779296875,256.25,9080,0,0
2021-06-22 11:45:00+05:30,256.1000061035156,256.29998779296875,256.04998779296875,256.1499938964844,10644,0,0
2021-06-22 11:50:00+05:30,256.1499938964844,256.45001220703125,255.8000030517578,256.29998779296875,21826,0,0
2021-06-22 11:55:00+05:30,256.20001220703125,257.3999938964844,256.20001220703125,256.70001220703125,69179,0,0
2021-06-22 12:00:00+05:30,256.75,256.95001220703125,255.9499969482422,256.20001220703125,44256,0,0
2021-06-22 12:05:00+05:30,256.1499938964844,256.6499938964844,255.8000030517578,256.45001220703125,38554,0,0
2021-06-22 12:10:00+05:30,256.45001220703125,257.0,256.1499938964844,256.6000061035156,29737,0,0
2021-06-22 12:15:00+05:30,256.45001220703125,256.95001220703125,256.45001220703125,256.6000061035156,23158,0,0
2021-06-22 12:20:00+05:30,256.70001220703125,256.70001220703125,256.0,256.0,27921,0,0
2021-06-22 12:25:00+05:30,256.1000061035156,256.25,255.3000030517578,255.9499969482422,38237,0,0
2021-06-22 12:30:00+05:30,255.75,255.9499969482422,255.39999389648438,255.6999969482422,34222,0,0
2021-06-22 12:35:00+05:30,255.6999969482422,256.25,255.0,256.04998779296875,66034,0,0
2021-06-22 12:40:00+05:30,256.04998779296875,256.20001220703125,255.10000610351562,256.0,34821,0,0
2021-06-22 12:45:00+05:30,255.85000610351562,256.20001220703125,255.39999389648438,255.75,52728,0,0
2021-06-22 12:50:00+05:30,255.9499969482422,256.1499938964844,255.75,255.85000610351562,21964,0,0
2021-06-22 12:55:00+05:30,255.9499969482422,256.3500061035156,255.35000610351562,256.3500061035156,33274,0,0
2021-06-22 13:00:00+05:30,256.1499938964844,256.29998779296875,256.0,256.20001220703125,13339,0,0
2021-06-22 13:05:00+05:30,256.20001220703125,256.75,256.04998779296875,256.70001220703125,17795,0,0
2021-06-22 13:10:00+05:30,256.54998779296875,257.04998779296875,256.20001220703125,256.29998779296875,85163,0,0
2021-06-22 13:15:00+05:30,256.29998779296875,257.0,256.20001220703125,256.6499938964844,40233,0,0
2021-06-22 13:20:00+05:30,256.8999938964844,256.8999938964844,256.20001220703125,256.5,18217,0,0
2021-06-22 13:25:00+05:30,256.5,256.8500061035156,256.20001220703125,256.29998779296875,27337,0,0
2021-06-22 13:30:00+05:30,256.29998779296875,257.20001220703125,256.20001220703125,257.0,71506,0,0
2021-06-22 13:35:00+05:30,257.1499938964844,257.5,257.0,257.20001220703125,74840,0,0
2021-06-22 13:40:00+05:30,257.3500061035156,258.20001220703125,256.6499938964844,256.6499938964844,189786,0,0
2021-06-22 13:45:00+05:30,256.79998779296875,257.0,254.3000030517578,254.35000610351562,334568,0,0
2021-06-22 13:50:00+05:30,254.1999969482422,254.3000030517578,251.5,252.0,238450,0,0
2021-06-22 13:55:00+05:30,251.8000030517578,252.0,250.60000610351562,251.60000610351562,231194,0,0
2021-06-22 14:00:00+05:30,251.64999389648438,252.0,251.25,251.9499969482422,53775,0,0
2021-06-22 14:05:00+05:30,251.85000610351562,252.4499969482422,251.4499969482422,251.89999389648438,57780,0,0
2021-06-22 14:10:00+05:30,251.9499969482422,252.5500030517578,251.75,252.14999389648438,52810,0,0
2021-06-22 14:15:00+05:30,252.14999389648438,252.25,251.39999389648438,251.6999969482422,39552,0,0
2021-06-22 14:20:00+05:30,251.6999969482422,251.89999389648438,249.0,250.3000030517578,269839,0,0
2021-06-22 14:25:00+05:30,250.35000610351562,250.75,249.3000030517578,249.39999389648438,78787,0,0
2021-06-22 14:30:00+05:30,249.4499969482422,250.1999969482422,249.10000610351562,249.9499969482422,53714,0,0
2021-06-22 14:35:00+05:30,249.9499969482422,250.5,249.3000030517578,249.89999389648438,70804,0,0
2021-06-22 14:40:00+05:30,249.9499969482422,250.39999389648438,249.8000030517578,249.9499969482422,32920,0,0
2021-06-22 14:45:00+05:30,249.85000610351562,250.60000610351562,249.75,250.35000610351562,31613,0,0
2021-06-22 14:50:00+05:30,250.35000610351562,250.64999389648438,249.60000610351562,249.9499969482422,204237,0,0
2021-06-22 14:55:00+05:30,249.9499969482422,250.5,249.8000030517578,250.0500030517578,34285,0,0
2021-06-22 15:00:00+05:30,250.1999969482422,250.5,249.85000610351562,250.5,58741,0,0
2021-06-22 15:05:00+05:30,250.35000610351562,250.4499969482422,249.4499969482422,249.4499969482422,67450,0,0
2021-06-22 15:10:00+05:30,249.4499969482422,250.1999969482422,249.0,249.85000610351562,94522,0,0
2021-06-22 15:15:00+05:30,249.9499969482422,250.5,249.5,250.5,149491,0,0
2021-06-22 15:20:00+05:30,250.35000610351562,250.5,249.60000610351562,250.1999969482422,121037,0,0
2021-06-22 15:25:00+05:30,250.0500030517578,250.5,249.8000030517578,250.39999389648438,74483,0,0
